2024-05-09T13:02:11.945462 0.0 0.0 0.0 0.0
2024-05-09T13:02:12.946799 1.0 2.0 2.9 0.0
2024-05-09T13:02:13.948110 1.0 0.0 0.0 0.0
2024-05-09T13:02:14.949461 1.0 0.0 0.0 0.0
2024-05-09T13:02:15.950844 1.0 2.0 2.0 0.0
2024-05-09T13:02:16.952165 0.0 0.0 0.0 0.0
2024-05-09T13:02:17.953519 2.0 0.0 0.0 0.0
2024-05-09T13:02:18.954811 0.0 0.0 0.0 1.0
2024-05-09T13:02:19.956094 0.0 0.0 0.0 0.0
2024-05-09T13:02:20.957395 1.0 0.0 1.0 0.0
2024-05-09T13:02:21.958684 0.0 0.0 0.0 0.0
2024-05-09T13:02:22.959978 0.0 0.0 1.0 0.0
2024-05-09T13:02:23.961290 2.0 0.0 0.0 3.0
2024-05-09T13:02:24.962616 3.0 3.0 4.9 3.0
2024-05-09T13:02:25.963918 1.0 1.0 0.0 2.0
2024-05-09T13:02:26.965226 2.0 0.0 0.0 0.0
2024-05-09T13:02:27.966385 0.0 0.0 0.0 0.0
2024-05-09T13:02:28.967671 0.0 0.0 0.0 0.0
2024-05-09T13:02:29.967980 1.0 0.0 1.0 1.0
2024-05-09T13:02:30.969344 0.0 1.0 1.0 1.0
2024-05-09T13:02:31.969945 0.0 1.0 0.0 1.0
2024-05-09T13:02:32.971236 0.0 0.0 1.0 0.0
2024-05-09T13:02:33.972522 1.0 2.0 0.0 1.0
2024-05-09T13:02:34.973891 0.0 0.0 0.0 0.0
2024-05-09T13:02:35.975203 0.0 1.0 1.0 1.0
2024-05-09T13:02:36.976482 0.0 1.0 1.0 0.0
2024-05-09T13:02:37.977820 1.0 0.0 1.0 1.0
2024-05-09T13:02:38.979092 1.0 1.0 2.0 0.0
2024-05-09T13:02:39.979707 2.0 2.1 1.0 2.0
2024-05-09T13:02:40.980992 2.0 2.1 2.1 1.0
2024-05-09T13:02:41.981947 0.0 1.1 1.0 0.0
2024-05-09T13:02:42.983239 2.0 2.1 3.1 1.0
2024-05-09T13:02:43.984542 0.0 1.0 3.1 0.0
2024-05-09T13:02:44.985899 1.0 0.0 1.0 0.0
2024-05-09T13:02:45.987190 2.0 13.9 2.0 3.0
2024-05-09T13:02:46.988479 4.9 25.2 5.0 5.0
2024-05-09T13:02:47.989777 3.0 19.3 13.1 5.8
2024-05-09T13:02:48.991055 5.9 1.0 25.6 4.0
2024-05-09T13:02:49.992336 3.9 13.9 21.9 6.8
2024-05-09T13:02:50.993649 2.0 12.0 8.7 2.0
2024-05-09T13:02:51.994955 2.0 0.0 0.0 0.0
2024-05-09T13:02:52.996275 4.9 32.3 7.7 5.9
2024-05-09T13:02:53.997576 8.6 34.6 25.0 10.5
2024-05-09T13:02:54.997977 10.3 22.9 37.5 12.0
2024-05-09T13:02:55.999262 7.7 12.0 42.3 5.9
2024-05-09T13:02:57.000526 6.8 36.0 27.0 9.5
2024-05-09T13:02:58.001884 3.0 3.0 20.5 4.0
2024-05-09T13:02:59.003173 1.0 0.0 0.0 0.0
2024-05-09T13:03:00.004457 10.3 38.4 26.2 10.4
2024-05-09T13:03:01.005832 17.5 39.7 36.1 9.6
2024-05-09T13:03:02.007133 15.2 48.0 30.2 8.7
2024-05-09T13:03:03.008447 10.4 55.9 7.8 12.1
2024-05-09T13:03:04.009883 11.2 42.7 35.1 9.6
2024-05-09T13:03:05.011197 3.9 3.9 16.7 2.9
2024-05-09T13:03:06.012473 0.0 1.0 1.0 0.0
2024-05-09T13:03:07.014064 19.1 21.7 52.6 13.9
2024-05-09T13:03:08.015393 16.4 58.9 13.8 15.5
2024-05-09T13:03:09.016682 14.7 58.1 14.7 12.4
2024-05-09T13:03:10.018111 11.3 57.5 12.1 11.3
2024-05-09T13:03:11.019472 13.1 58.7 13.8 12.4
2024-05-09T13:03:12.020758 2.0 2.0 1.0 1.0
2024-05-09T13:03:13.022009 1.0 13.9 3.0 1.0
2024-05-09T13:03:14.023377 15.3 53.0 31.7 8.9
2024-05-09T13:03:15.024651 10.5 42.5 42.8 10.7
2024-05-09T13:03:16.026129 17.0 13.2 60.6 12.4
2024-05-09T13:03:17.027309 11.4 13.2 61.0 11.5
2024-05-09T13:03:18.028621 15.2 47.2 28.3 12.4
2024-05-09T13:03:19.029981 0.0 0.0 0.0 0.0
2024-05-09T13:03:20.031325 5.9 27.4 4.0 3.0
2024-05-09T13:03:21.032611 25.2 47.1 43.5 11.5
2024-05-09T13:03:22.033985 21.1 50.4 34.4 13.0
2024-05-09T13:03:23.035351 24.4 39.7 46.6 10.6
2024-05-09T13:03:24.036673 18.2 59.3 26.5 11.5
2024-05-09T13:03:25.037990 13.9 39.5 23.7 5.0
2024-05-09T13:03:26.039303 2.9 2.0 0.0 0.0
2024-05-09T13:03:27.040626 7.9 41.7 7.7 11.4
2024-05-09T13:03:28.042008 23.0 40.9 52.1 13.6
2024-05-09T13:03:29.043554 18.7 42.1 45.0 15.9
2024-05-09T13:03:30.044845 20.2 41.3 45.4 17.6
2024-05-09T13:03:31.046067 19.4 32.8 54.6 13.5
2024-05-09T13:03:32.047398 8.8 7.8 38.2 8.7
2024-05-09T13:03:33.048697 0.0 0.0 0.0 1.0
2024-05-09T13:03:34.050083 8.8 10.1 54.5 15.1
2024-05-09T13:03:35.051436 13.1 19.8 68.2 12.7
2024-05-09T13:03:36.052750 9.8 45.4 48.4 8.3
2024-05-09T13:03:37.054071 11.4 66.9 21.6 16.3
2024-05-09T13:03:38.055404 8.9 38.1 54.3 14.4
2024-05-09T13:03:39.056720 4.9 24.3 5.0 5.9
2024-05-09T13:03:40.058023 0.0 1.0 1.0 0.0
2024-05-09T13:03:41.059390 12.9 16.5 68.9 13.9
2024-05-09T13:03:42.059858 16.8 27.3 66.4 16.3
2024-05-09T13:03:43.061141 22.1 41.4 52.0 12.1
2024-05-09T13:03:44.062128 15.2 73.3 14.4 15.7
2024-05-09T13:03:45.063519 12.7 71.9 14.4 16.3
2024-05-09T13:03:46.064833 0.0 5.9 0.0 1.0
2024-05-09T13:03:47.066095 2.0 5.8 15.1 2.0
2024-05-09T13:03:48.067403 14.4 22.4 71.5 20.4
2024-05-09T13:03:49.068681 15.7 53.8 45.3 18.1
2024-05-09T13:03:50.070012 16.0 20.4 72.9 17.3
2024-05-09T13:03:51.071358 12.6 15.8 77.1 10.6
2024-05-09T13:03:52.071832 17.1 40.4 47.0 13.7
2024-05-09T13:03:53.073238 0.0 0.0 1.0 0.0
2024-05-09T13:03:54.074086 6.0 4.1 31.2 7.8
2024-05-09T13:03:55.075507 17.1 23.5 72.7 16.0
2024-05-09T13:03:56.076916 20.4 18.6 77.7 12.5
2024-05-09T13:03:57.078087 25.9 32.1 68.5 13.4
2024-05-09T13:03:58.079529 24.3 24.8 73.6 22.9
2024-05-09T13:03:59.080851 18.8 24.8 44.7 15.1
2024-05-09T13:04:00.081960 0.0 0.0 0.0 1.0
2024-05-09T13:04:01.083338 9.0 8.2 49.1 6.9
2024-05-09T13:04:02.084681 25.2 62.9 43.9 15.2
2024-05-09T13:04:03.086032 21.1 82.1 23.6 13.7
2024-05-09T13:04:04.087453 26.1 71.7 35.2 16.8
2024-05-09T13:04:05.088807 23.2 30.2 75.4 17.6
2024-05-09T13:04:06.090124 10.7 18.6 34.9 7.8
2024-05-09T13:04:07.091440 2.0 1.0 1.0 1.0
2024-05-09T13:04:08.092718 11.1 11.1 68.2 13.4
2024-05-09T13:04:09.094053 22.3 64.0 45.7 16.0
2024-05-09T13:04:10.095626 23.9 85.5 24.3 20.2
2024-05-09T13:04:11.097065 19.6 60.6 51.9 15.1
2024-05-09T13:04:12.098178 21.6 70.8 38.5 16.0
2024-05-09T13:04:13.099507 11.9 24.3 7.8 1.0
2024-05-09T13:04:14.100259 0.0 1.0 0.0 0.0
2024-05-09T13:04:15.101594 18.4 37.9 69.0 12.0
2024-05-09T13:04:16.101960 35.2 22.6 93.5 14.0
2024-05-09T13:04:17.103466 24.3 56.2 57.4 18.1
2024-05-09T13:04:18.104809 23.3 35.0 81.6 14.1
2024-05-09T13:04:19.105969 26.6 20.4 94.4 11.2
2024-05-09T13:04:20.107302 2.0 1.0 5.0 1.0
2024-05-09T13:04:21.108633 3.0 1.0 15.8 4.0
2024-05-09T13:04:22.110045 21.8 17.0 97.1 12.9
2024-05-09T13:04:23.111400 17.9 20.0 97.1 17.5
2024-05-09T13:04:24.112852 28.6 17.9 93.3 15.3
2024-05-09T13:04:25.114072 19.8 98.1 18.8 20.0
2024-05-09T13:04:26.115402 21.5 83.3 16.5 15.5
2024-05-09T13:04:27.116713 1.0 0.0 0.0 0.0
2024-05-09T13:04:28.118089 9.1 2.1 35.0 7.8
2024-05-09T13:04:29.119465 29.5 19.8 100.0 8.7
2024-05-09T13:04:30.120909 30.8 17.3 100.0 13.3
2024-05-09T13:04:31.122083 22.7 17.3 100.0 13.4
2024-05-09T13:04:32.123495 28.2 17.5 100.0 11.6
2024-05-09T13:04:33.124845 14.6 10.3 64.6 15.1
2024-05-09T13:04:34.126169 1.0 1.0 0.0 0.0
2024-05-09T13:04:35.127597 10.1 10.9 54.5 6.3
2024-05-09T13:04:36.129124 19.0 19.0 100.0 18.2
2024-05-09T13:04:37.130040 21.0 20.0 100.0 14.1
2024-05-09T13:04:38.131600 16.5 19.8 100.0 18.8
2024-05-09T13:04:39.133101 23.4 15.8 100.0 20.2
2024-05-09T13:04:40.134422 6.1 8.1 46.5 9.9
2024-05-09T13:04:41.135726 2.0 1.0 2.0 0.0
2024-05-09T13:04:42.137117 9.6 73.0 17.2 5.5
2024-05-09T13:04:43.138038 21.2 100.0 24.0 13.5
2024-05-09T13:04:44.139439 28.2 24.2 91.9 9.5
2024-05-09T13:04:45.140886 23.3 91.8 33.0 13.5
2024-05-09T13:04:46.142068 21.6 35.1 82.0 13.3
2024-05-09T13:04:47.143444 6.1 24.8 11.0 5.0
2024-05-09T13:04:48.144761 0.0 2.0 0.0 1.0
2024-05-09T13:04:49.146082 27.6 93.9 19.4 10.4
2024-05-09T13:04:50.147079 34.9 100.0 29.2 15.7
2024-05-09T13:04:51.148508 31.7 100.0 22.2 10.5
2024-05-09T13:04:52.149926 30.6 100.0 26.9 14.0
2024-05-09T13:04:53.151357 29.2 100.0 23.5 13.3
2024-05-09T13:04:54.152651 2.0 6.0 1.0 1.0
2024-05-09T13:04:55.154068 1.0 12.0 2.0 1.0
2024-05-09T13:04:56.155479 20.0 100.0 23.2 15.3
2024-05-09T13:04:57.156958 23.8 100.0 26.7 16.0
2024-05-09T13:04:58.158106 21.8 100.0 26.7 16.8
2024-05-09T13:04:59.159549 18.2 100.0 25.3 12.5
2024-05-09T13:05:00.160867 22.6 89.0 21.2 13.1
2024-05-09T13:05:01.162208 0.0 1.0 1.0 1.0
2024-05-09T13:05:02.163631 7.0 30.4 6.1 6.0
2024-05-09T13:05:03.165117 24.8 100.0 25.5 21.4
2024-05-09T13:05:04.166062 24.3 100.0 21.6 17.2
2024-05-09T13:05:05.167525 24.8 100.0 22.2 14.6
2024-05-09T13:05:06.168950 18.8 100.0 25.2 15.5
2024-05-09T13:05:07.170309 17.5 71.0 17.8 12.0
2024-05-09T13:05:08.171598 0.0 0.0 0.0 0.0
2024-05-09T13:05:09.172984 5.2 11.2 49.5 7.3
2024-05-09T13:05:10.174133 22.2 22.3 100.0 15.4
2024-05-09T13:05:11.175612 20.6 26.3 100.0 19.4
2024-05-09T13:05:12.177053 26.1 22.9 100.0 18.7
2024-05-09T13:05:13.178428 28.6 23.5 100.0 12.6
2024-05-09T13:05:14.179789 13.2 10.5 51.0 5.3
2024-05-09T13:05:15.181076 0.0 0.0 0.0 1.0
2024-05-09T13:05:16.182115 15.2 13.7 69.3 9.8
2024-05-09T13:05:17.183599 22.9 22.7 100.0 18.6
2024-05-09T13:05:18.185005 20.0 22.9 100.0 17.7
2024-05-09T13:05:19.186048 27.6 21.1 100.0 18.6
2024-05-09T13:05:20.187421 17.5 21.1 100.0 23.3
2024-05-09T13:05:21.188754 5.9 12.6 31.0 7.1
2024-05-09T13:05:22.189961 0.0 0.0 0.0 0.0
2024-05-09T13:05:23.190934 16.2 88.9 11.3 8.7
2024-05-09T13:05:24.192430 16.7 100.0 14.3 12.6
2024-05-09T13:05:25.193905 18.3 100.0 14.4 14.4
2024-05-09T13:05:26.195399 25.2 100.0 17.8 17.8
2024-05-09T13:05:27.196844 18.9 100.0 16.8 13.7
2024-05-09T13:05:28.197966 3.0 10.1 2.0 3.0
2024-05-09T13:05:29.199267 1.0 0.0 0.0 1.0
2024-05-09T13:05:30.200600 0.0 0.0 0.0 0.0
2024-05-09T13:05:31.201928 1.0 0.0 0.0 2.0
