Random waveform, supplied seed
Total number of intervals = 90 (7434, 67201, 85927, 63953, 31595, 87879, 7287, 62295, 6561, 22532, 60653, 59076, 60154, 22964, 8172, 27652, 37594, 24367, 33771, 84944, 85666, 51918, 34406, 28664, 38289, 20658, 13840, 93419, 98284, 71313, 42089, 46458, 30755, 42889, 93552, 65694, 29574, 51355, 67361, 16287, 81508, 87619, 99068, 51267, 11822, 97494, 97350, 55460, 85984, 82043, 52873, 13911, 49984, 9274, 27187, 18735, 86505, 93039, 75999, 32324, 84255, 81759, 37291, 53818, 30297, 31569, 38927, 10652, 98119, 48176, 34929, 69735, 20753, 84642, 42333, 61587, 77998, 97625, 23781, 66723, 31016, 47394, 95335, 5252, 65908, 16889, 42912, 99898, 26385, 22616)
Average QPS expected = 51583
Timestamp start: 1715421273166
Timestamp end: 1715422173736

#type       avg     std     min      p5     p10     p50     p67     p75     p80     p85     p90     p95     p99    p999   p9999      QPS   target
read      346.3   392.5   148.8   214.5   229.9   322.9   354.0   370.8   383.2   396.7   415.1   444.6   722.7  5528.3 15236.9   7429.6     7434
read      417.9   358.5   148.8   205.6   220.9   356.9   435.2   483.9   520.4   565.7   627.6   740.9  1664.3  3692.7 10653.9  67313.9    67201
read      518.0   406.4   148.8   220.3   242.5   444.5   554.5   622.7   676.7   748.0   870.7  1089.8  1470.3  3606.0 15189.9  86027.6    85927
read      387.9   230.0   148.8   206.9   221.8   350.8   423.0   466.2   499.1   538.6   590.1   674.1   872.0  2562.7  7835.9  64060.1    63953
read      384.2   207.6   148.8   207.7   222.7   347.1   428.4   473.4   504.6   538.8   581.2   642.6   844.7  1919.3  5513.6  31564.4    31595
read      400.5   305.0   148.8   210.5   227.1   359.2   432.3   476.5   509.3   549.0   603.4   689.6   942.8  2562.3 12234.0  87954.2    87879
read      345.8   408.9   160.7   211.2   227.4   322.9   356.4   373.8   387.2   400.9   421.8   454.9   616.8  5068.6 15737.0   7327.3     7287
read      401.5   274.6   148.8   203.6   218.7   355.1   434.4   482.1   517.8   561.4   619.7   713.7  1097.6  2581.3  8852.1  62277.2    62295
read      345.8   426.9   160.7   215.8   232.6   318.6   347.1   364.1   374.7   390.0   406.2   437.2   679.0  7048.8 15251.7   6535.2     6561
read      376.6   297.3   148.8   207.3   221.2   343.2   423.6   460.7   485.0   510.7   543.8   593.1   739.0  3406.9 11720.8  22538.0    22532
read      379.7   187.4   148.8   205.7   220.1   348.5   420.5   462.9   494.6   532.0   581.0   657.4   818.1  1326.7  7050.1  60741.9    60653
read      383.7   194.1   148.8   205.8   220.5   350.2   424.4   467.9   500.7   539.5   589.3   669.1   846.7  1354.3  7403.7  59087.0    59076
read      388.0   212.2   148.8   206.9   221.9   355.7   429.7   472.3   504.7   543.3   593.5   675.8   848.0  1354.2  8050.4  60209.2    60154
read      384.6   278.3   148.8   205.7   219.5   347.2   429.0   469.8   498.1   529.8   568.7   629.4   917.1  3131.1 12017.1  23091.0    22964
read      356.6   431.9   160.7   212.0   227.6   334.1   372.4   392.3   404.9   422.6   442.7   476.3   677.6  4516.7 19401.4   8162.5     8172
read      386.0   241.5   148.8   203.7   217.8   347.8   429.6   473.4   504.6   540.8   585.9   654.1   913.5  2202.0  9438.0  27710.9    27652
read      395.4   231.6   148.8   204.9   219.6   357.0   435.2   481.0   514.9   556.0   609.9   688.4   982.9  2003.3  8316.0  37642.3    37594
read      383.8   247.6   148.8   203.9   217.7   346.9   429.1   471.2   500.9   534.4   576.1   637.3   904.1  2533.4  8054.5  24387.3    24367
read      393.1   288.1   148.8   204.6   219.1   353.3   432.8   478.3   511.1   549.2   599.7   674.7   940.3  2256.9 10324.0  33740.3    33771
read      407.2   242.0   148.8   211.9   229.2   367.9   445.5   492.1   526.8   568.7   623.6   710.4   929.6  2446.2  7135.6  84895.0    84944
read      408.1   250.6   148.8   211.2   228.6   368.4   446.7   493.5   528.2   570.2   624.9   712.2   946.1  2003.0  9025.0  85661.8    85666
read      403.0   240.0   148.8   203.7   219.0   361.5   441.8   489.4   524.8   567.9   624.4   711.9  1031.4  2532.5  8104.9  52023.2    51918
read      385.2   212.8   148.8   203.4   217.8   351.0   428.2   471.2   503.5   541.8   589.6   662.2   843.1  2063.0  7715.1  34439.4    34406
read      443.7   499.2   148.8   204.7   219.7   361.3   451.7   504.3   545.3   601.5   700.3   965.7  1414.6  5874.1 22429.5  28667.9    28664
read      416.4   489.2   148.8   202.8   217.4   351.0   428.8   474.6   509.2   553.1   615.2   735.0  1453.1  6322.8 18799.1  38253.9    38289
read      408.3   343.4   148.8   204.4   218.8   356.4   439.8   480.1   507.7   546.0   611.6   777.7  1150.9  3880.3 10877.4  20671.1    20658
read      438.2   713.0   160.7   205.8   220.4   378.1   446.6   484.7   515.7   562.9   632.3   737.2  1228.2  9779.8 35899.1  13773.8    13840
read      442.9   423.6   148.8   218.9   239.0   390.1   471.7   521.4   558.6   605.4   669.8   777.9  1069.6  5404.2 13769.4  93436.6    93419
read      513.2   348.7   148.8   232.8   262.8   454.2   551.0   619.2   675.7   746.6   838.0   960.2  1204.1  3402.8 12617.8  98149.2    98284
read      397.8   231.9   148.8   206.7   222.2   358.1   437.6   483.6   517.7   558.9   613.9   698.8   917.8  2324.2  7299.1  71398.5    71313
read      433.4   357.3   148.8   205.3   220.6   362.8   446.3   498.5   539.3   590.8   667.6   898.9  1520.4  3442.8 10773.2  42097.2    42089
read      453.6   383.4   148.8   206.8   222.5   369.1   456.0   510.4   554.5   614.9   709.7  1055.0  1737.4  3784.5  9886.9  46338.6    46458
read      476.1   398.2   148.8   205.3   221.0   370.5   477.5   548.0   609.8   716.0   923.7  1142.1  1466.0  4053.0 10399.1  30752.9    30755
read      473.6   420.2   148.8   205.2   221.3   366.7   460.3   524.3   579.0   656.1   835.2  1227.7  1735.8  4011.6 10995.7  42850.8    42889
read      426.0   277.4   148.8   217.1   236.5   383.1   462.5   509.6   545.9   590.6   651.7   748.8  1005.5  2563.4  9702.7  93399.4    93552
read      402.0   276.4   148.8   209.4   225.2   360.9   440.5   487.1   521.1   562.0   616.2   700.5   931.0  2346.4  9845.7  65769.4    65694
read      436.3   327.4   148.8   206.7   222.2   362.3   455.6   510.1   552.6   607.8   706.0   971.8  1357.0  3246.5  9544.0  29534.7    29574
read      450.1   417.1   148.8   209.1   225.2   367.3   452.1   505.9   547.9   603.5   687.0   975.8  1729.6  4191.5 10593.7  51338.5    51355
read      401.6   274.4   160.7   210.5   225.6   359.2   437.0   483.6   518.0   559.4   614.5   699.2   958.7  2262.1  8991.4  67421.2    67361
read      409.4   430.5   160.7   210.2   224.3   372.6   444.8   478.4   502.6   534.3   583.0   699.1   999.3  4837.1 13811.0  16336.6    16287
read      426.0   381.9   148.8   216.3   232.4   370.4   449.1   496.5   532.1   575.3   632.5   734.3  1362.9  4770.0 12204.1  81473.7    81508
read      398.3   222.1   148.8   216.7   233.1   363.5   434.0   476.5   507.8   546.1   595.6   676.4   865.7  2201.8  8530.9  87585.8    87619
read      500.8   344.2   160.7   237.1   265.5   447.1   539.2   603.2   656.3   722.0   802.5   915.6  1099.6  3290.6 11854.4  99142.9    99068
read      447.7   373.6   160.7   211.7   227.4   369.4   453.5   506.8   548.2   601.7   682.8   944.0  1726.1  3664.2 11036.0  51226.7    51267
read      403.3   478.5   160.7   211.8   226.4   367.1   425.2   454.1   473.8   502.3   546.2   638.1  1037.4  6048.1 24094.9  11802.8    11822
read      457.5   320.8   148.8   226.1   249.2   406.2   489.6   541.2   581.9   632.5   703.6   824.0  1121.3  3230.4 10925.6  97477.6    97494
read      440.1   273.3   148.8   222.6   244.9   395.7   474.2   524.7   563.2   611.7   678.1   791.0  1054.0  2014.6 10068.7  97309.8    97350
read      403.4   247.8   148.8   206.6   222.3   359.4   439.7   488.4   524.3   567.2   621.7   706.4  1044.5  2819.7  7864.4  55580.8    55460
read      403.6   269.5   148.8   212.6   229.9   362.5   436.0   479.7   512.3   552.7   608.3   693.4   960.9  2788.3 10826.0  86109.7    85984
read      394.3   254.0   148.8   210.2   227.0   355.1   427.3   469.9   503.0   542.8   594.3   680.2   911.0  2283.1  9191.3  82016.5    82043
read      404.2   266.9   148.8   206.7   222.6   358.2   438.7   488.0   524.4   567.5   622.7   707.0  1072.1  2761.7  9146.4  52936.0    52873
read      377.7   268.7   148.8   208.5   223.3   361.5   424.0   452.1   470.0   492.1   517.9   561.0   772.7  2941.9 11300.1  13975.4    13911
read      404.1   309.2   148.8   206.0   221.6   359.0   439.5   486.7   521.7   564.5   618.8   699.9  1047.3  2960.9  9696.7  49917.1    49984
read      358.0   276.3   160.7   211.5   227.1   342.1   384.2   405.0   420.9   436.8   460.3   497.6   658.9  3780.5 12138.1   9251.5     9274
read      389.8   241.6   148.8   205.8   220.6   347.7   434.1   479.2   509.9   545.3   588.3   657.1   993.7  2236.6  7946.4  27116.2    27187
read      381.2   306.2   160.7   205.6   219.1   349.9   426.5   460.3   483.2   508.3   544.0   610.2   873.8  3944.2 12206.1  18709.3    18735
read      398.8   236.5   148.8   211.5   228.0   358.8   432.0   475.5   508.3   548.2   600.9   686.1   938.5  2628.5  8370.5  86629.8    86505
read      416.7   241.3   148.8   217.1   235.4   376.4   452.9   499.2   534.8   578.8   637.3   737.2   980.6  1875.9 10327.9  93087.3    93039
read      390.6   248.2   148.8   206.5   221.7   350.9   426.3   470.2   503.6   544.0   597.5   682.0   921.0  1989.1  8531.5  75962.6    75999
read      406.1  2101.6   148.8   204.4   218.4   341.2   420.3   465.2   496.9   534.1   580.7   651.0   956.0  3868.2 40276.5  32457.8    32324
read      392.9   294.9   148.8   207.6   223.6   351.8   425.2   467.8   500.5   540.1   591.9   677.2   922.5  2563.2 10158.5  84105.5    84255
read      397.1   320.0   148.8   207.1   223.2   353.4   429.1   473.1   506.3   546.4   600.2   686.7   955.9  2482.5 13755.6  81936.2    81759
read      392.5   335.4   148.8   204.9   219.1   348.2   428.0   474.2   507.3   546.7   595.0   672.5  1012.0  2750.5 10438.9  37319.9    37291
read      403.3   388.3   148.8   206.3   221.3   359.4   437.9   484.5   518.7   561.1   617.5   707.7  1121.6  2337.5  8631.0  53936.5    53818
read      387.9   302.9   148.8   204.9   218.8   345.2   428.4   473.5   504.7   540.9   585.8   655.5   970.6  2471.1 10732.3  30247.1    30297
read      391.7   308.1   160.7   205.8   220.1   348.2   431.7   477.1   509.0   546.2   592.4   668.4   995.4  2353.5  9891.1  31530.9    31569
read      393.0   243.3   160.7   208.4   223.4   350.5   430.2   476.6   509.1   548.0   597.3   675.0  1046.6  2160.7  7381.7  38876.0    38927
read      368.6   400.4   160.7   211.3   225.8   347.1   393.7   417.0   432.2   451.5   473.6   525.5   744.7  5276.3 15384.5  10674.5    10652
read      462.3   274.6   148.8   225.5   249.8   413.4   497.3   549.5   592.3   647.2   726.0   854.3  1118.1  2608.7  8340.0  98063.9    98119
read      398.3   276.8   148.8   206.0   221.1   357.2   436.0   483.3   517.6   559.2   612.9   692.0   984.4  2025.1 11506.1  48191.0    48176
read      397.2   299.4   160.7   208.1   222.7   352.6   434.3   480.8   513.6   552.1   600.7   679.3  1011.2  3586.7 10461.1  34970.6    34929
read      417.2   280.5   148.8   211.5   227.6   366.0   446.9   495.5   532.3   577.2   636.1   739.0  1271.3  3031.2  9244.2  69609.7    69735
read      399.6   327.9   160.7   208.9   222.7   356.0   442.7   482.7   509.5   542.2   586.0   678.8  1053.6  3836.1 12470.7  20791.2    20753
read      414.1   269.0   160.7   216.0   233.0   370.6   448.6   495.3   530.3   573.1   629.6   724.1  1027.1  2292.2  8051.7  84701.7    84642
read      409.5   312.8   148.8   206.5   221.8   361.4   444.0   492.8   528.9   571.9   626.7   716.8  1199.2  2940.6 12136.0  42335.5    42333
read      420.5   359.1   148.8   205.9   221.5   361.8   443.3   493.3   531.3   577.5   638.5   751.4  1497.9  3242.8 12483.5  61489.6    61587
read      390.0   281.9   148.8   207.1   222.4   349.3   421.7   463.5   495.3   534.0   585.3   670.3   926.3  2897.2  9835.3  77947.7    77998
read      392.1   215.9   148.8   211.7   228.5   358.8   425.7   465.9   497.1   536.2   589.9   683.6   911.9  1236.2  8895.5  97606.8    97625
read      356.8   207.6   148.8   203.6   216.9   327.6   405.5   443.3   466.6   492.1   521.8   565.6   660.2  2112.1  8195.6  23740.1    23781
read      370.8   192.1   148.8   202.6   216.7   343.1   411.1   450.3   478.9   513.6   560.2   632.1   789.4  1137.5  7937.1  66686.1    66723
read      362.8   223.2   148.8   203.3   216.6   328.9   405.1   447.9   476.0   506.6   543.7   597.1   711.2  1815.5  9721.0  30903.1    31016
read      367.5   182.4   148.8   203.1   217.1   340.1   406.9   447.4   476.9   511.0   554.7   621.2   747.4  1021.6  6624.7  47417.6    47394
read      381.0   197.3   148.8   207.3   223.4   348.8   415.6   455.6   485.9   523.5   575.3   662.1   875.8  1215.8  6839.0  95226.4    95335
read      332.0   454.2   160.7   219.5   235.7   302.9   324.5   337.5   345.6   358.2   371.7   400.6   550.8  7426.1 16231.4   5257.9     5252
read      365.1   172.8   148.8   199.6   213.9   337.9   403.9   443.4   471.8   507.2   553.6   628.1   775.7  1016.3  5397.8  65759.5    65908
read      352.0   261.6   148.8   203.9   217.0   335.1   398.8   426.5   444.2   463.0   487.0   522.4   607.5  2298.9 12330.3  16896.3    16889
read      364.9   174.0   148.8   201.6   215.5   338.1   404.8   445.3   474.2   508.1   550.7   617.6   742.7   987.0  6162.0  42874.9    42912
read      388.1   201.2   148.8   208.1   225.3   354.7   422.2   462.8   494.1   532.9   586.1   681.7   903.7  1181.5  7710.8  99894.1    99898
read      358.2   223.6   148.8   200.8   214.1   325.6   402.9   443.2   468.7   497.1   531.7   582.6   688.2  2121.5 10792.2  26370.5    26385
read      353.8   239.7   148.8   202.7   215.8   325.9   401.5   436.9   458.5   482.1   508.9   550.0   643.6  2173.8 11400.2  22523.6    22616

Total QPS = 51585.1 (46426632 / 900.0s)

Total connections = 64
Misses = 0 (0.0%)
Skipped TXs = 0 (0.0%)

RX 11467378351 bytes :   12.2 MB/s
TX          0 bytes :    0.0 MB/s
Warning! Detected max cpu usage > 95%
CPU Usage Stats (avg/min/max): 99.98%,48.74%,100.00%
