2024-05-09T12:57:48.639262 0.0 0.0 0.0 0.0
2024-05-09T12:57:49.640602 1.0 0.0 2.0 0.0
2024-05-09T12:57:50.641959 0.0 1.0 0.0 1.0
2024-05-09T12:57:51.643255 1.0 0.0 1.0 1.0
2024-05-09T12:57:52.644563 1.0 0.0 0.0 1.0
2024-05-09T12:57:53.645879 0.0 0.0 0.0 0.0
2024-05-09T12:57:54.647164 0.0 1.0 1.0 0.0
2024-05-09T12:57:55.648487 1.0 0.0 1.0 1.0
2024-05-09T12:57:56.649820 2.0 0.0 1.0 0.0
2024-05-09T12:57:57.651121 0.0 1.0 0.0 1.0
2024-05-09T12:57:58.652464 1.0 1.0 1.0 0.0
2024-05-09T12:57:59.653785 1.0 0.0 0.0 0.0
2024-05-09T12:58:00.655083 1.0 1.0 0.0 2.0
2024-05-09T12:58:01.656388 3.0 2.0 3.0 5.9
2024-05-09T12:58:02.657754 2.0 0.0 0.0 0.0
2024-05-09T12:58:03.659047 0.0 0.0 0.0 1.0
2024-05-09T12:58:04.660352 1.0 2.0 1.0 1.0
2024-05-09T12:58:05.661638 1.0 0.0 1.0 0.0
2024-05-09T12:58:06.662904 0.0 0.0 0.0 0.0
2024-05-09T12:58:07.664241 0.0 0.0 1.0 1.0
2024-05-09T12:58:08.665563 1.0 0.0 0.0 0.0
2024-05-09T12:58:09.666868 1.0 0.0 0.0 0.0
2024-05-09T12:58:10.668187 1.0 2.0 1.0 0.0
2024-05-09T12:58:11.669503 1.0 1.0 0.0 0.0
2024-05-09T12:58:12.670826 0.0 2.0 0.0 2.0
2024-05-09T12:58:13.672137 0.0 1.0 1.0 0.0
2024-05-09T12:58:14.672441 0.0 1.0 0.0 0.0
2024-05-09T12:58:15.672761 2.0 2.0 1.0 1.0
2024-05-09T12:58:16.673951 3.0 7.1 0.0 1.0
2024-05-09T12:58:17.675242 0.0 5.2 1.0 1.0
2024-05-09T12:58:18.676537 2.9 6.2 1.0 0.0
2024-05-09T12:58:19.677865 0.0 3.2 0.0 2.0
2024-05-09T12:58:20.679158 0.0 6.1 3.0 1.0
2024-05-09T12:58:21.680485 0.0 1.0 0.0 0.0
2024-05-09T12:58:22.681905 4.8 19.1 3.0 3.9
2024-05-09T12:58:23.683202 7.7 35.4 7.7 6.9
2024-05-09T12:58:24.684468 8.5 35.8 4.9 5.9
2024-05-09T12:58:25.685921 6.7 38.2 4.0 5.0
2024-05-09T12:58:26.687202 4.0 34.6 5.0 5.9
2024-05-09T12:58:27.688487 4.9 24.8 2.0 3.9
2024-05-09T12:58:28.689794 0.0 0.0 0.0 0.0
2024-05-09T12:58:29.691069 8.5 37.0 3.0 7.6
2024-05-09T12:58:30.692346 14.4 53.0 6.8 10.5
2024-05-09T12:58:31.693786 14.3 51.2 5.9 12.1
2024-05-09T12:58:32.695135 18.1 51.9 8.6 12.0
2024-05-09T12:58:33.696433 17.4 51.5 9.4 10.4
2024-05-09T12:58:34.697781 8.4 26.0 3.9 4.0
2024-05-09T12:58:35.699068 1.0 1.0 0.0 2.0
2024-05-09T12:58:36.699874 12.7 50.3 6.7 12.1
2024-05-09T12:58:37.701361 28.0 58.3 9.5 10.7
2024-05-09T12:58:38.702026 24.4 58.5 10.3 13.1
2024-05-09T12:58:39.703319 22.6 57.4 5.0 13.9
2024-05-09T12:58:40.704595 18.6 58.5 7.7 13.1
2024-05-09T12:58:41.705951 3.9 17.7 2.9 4.9
2024-05-09T12:58:42.707240 0.0 1.0 0.0 1.0
2024-05-09T12:58:43.708522 23.3 57.4 11.3 9.6
2024-05-09T12:58:44.710024 28.7 60.1 10.6 7.9
2024-05-09T12:58:45.711368 20.9 59.5 11.3 13.9
2024-05-09T12:58:46.712643 20.2 59.6 13.8 13.1
2024-05-09T12:58:47.714015 22.2 60.5 16.2 10.6
2024-05-09T12:58:48.715341 2.0 6.7 0.0 1.0
2024-05-09T12:58:49.716624 4.8 10.5 0.0 3.0
2024-05-09T12:58:50.718091 15.2 63.5 9.8 19.5
2024-05-09T12:58:51.719391 19.5 62.7 9.8 18.6
2024-05-09T12:58:52.720651 28.8 63.1 13.9 11.7
2024-05-09T12:58:53.722092 20.8 63.3 14.8 11.5
2024-05-09T12:58:54.723448 28.0 58.3 10.6 10.7
2024-05-09T12:58:55.724770 0.0 1.0 0.0 1.0
2024-05-09T12:58:56.726086 4.9 28.0 8.6 4.0
2024-05-09T12:58:57.727503 26.4 65.8 14.8 15.1
2024-05-09T12:58:58.728817 17.1 65.8 12.4 11.7
2024-05-09T12:58:59.730034 23.1 65.6 7.9 12.5
2024-05-09T12:59:00.731417 18.8 65.4 12.4 15.7
2024-05-09T12:59:01.732219 15.3 50.0 11.3 8.8
2024-05-09T12:59:02.733546 1.0 0.0 0.0 2.0
2024-05-09T12:59:03.734125 9.6 42.1 9.6 9.8
2024-05-09T12:59:04.735456 25.0 66.4 20.0 20.9
2024-05-09T12:59:05.736732 25.2 66.9 19.8 19.4
2024-05-09T12:59:06.738159 18.9 67.1 17.0 17.1
2024-05-09T12:59:07.739512 21.9 67.3 19.3 20.2
2024-05-09T12:59:08.740848 11.3 39.5 11.3 12.0
2024-05-09T12:59:09.742184 0.0 1.0 0.0 1.0
2024-05-09T12:59:10.743566 14.8 55.1 9.6 6.1
2024-05-09T12:59:11.744887 25.2 71.9 15.0 8.1
2024-05-09T12:59:12.746086 29.4 70.9 6.1 12.5
2024-05-09T12:59:13.747547 29.9 72.1 12.5 9.9
2024-05-09T12:59:14.748890 27.0 70.7 13.2 16.5
2024-05-09T12:59:15.750293 6.8 27.4 4.9 4.0
2024-05-09T12:59:16.751585 0.0 1.0 0.0 0.0
2024-05-09T12:59:17.752990 23.3 69.5 13.0 15.4
2024-05-09T12:59:18.754104 23.3 74.3 12.9 17.1
2024-05-09T12:59:19.755496 19.8 73.3 11.2 17.1
2024-05-09T12:59:20.756832 26.1 74.6 13.9 12.2
2024-05-09T12:59:21.758099 25.8 73.7 12.0 13.0
2024-05-09T12:59:22.759471 3.9 8.7 1.0 3.0
2024-05-09T12:59:23.760819 2.0 10.7 2.0 2.0
2024-05-09T12:59:24.762103 26.5 78.3 16.2 14.9
2024-05-09T12:59:25.763486 29.5 78.0 13.0 16.7
2024-05-09T12:59:26.764783 27.1 78.9 11.1 13.1
2024-05-09T12:59:27.766185 23.7 78.0 7.4 15.0
2024-05-09T12:59:28.767490 22.1 72.0 12.6 11.2
2024-05-09T12:59:29.768816 0.0 0.0 0.0 1.0
2024-05-09T12:59:30.770201 10.3 29.6 3.1 6.9
2024-05-09T12:59:31.771626 23.7 80.8 13.5 21.9
2024-05-09T12:59:32.773079 21.6 81.8 20.0 19.4
2024-05-09T12:59:33.774062 22.8 81.5 20.0 16.2
2024-05-09T12:59:34.775588 23.0 82.0 16.0 15.3
2024-05-09T12:59:35.776918 15.7 59.5 13.6 10.3
2024-05-09T12:59:36.778237 1.0 0.0 0.0 0.0
2024-05-09T12:59:37.779668 12.5 48.1 7.1 6.1
2024-05-09T12:59:38.780993 21.6 87.7 12.4 9.3
2024-05-09T12:59:39.782064 16.7 90.1 13.4 9.3
2024-05-09T12:59:40.783537 24.1 87.6 19.2 12.0
2024-05-09T12:59:41.784987 28.9 87.8 7.6 12.0
2024-05-09T12:59:42.786384 13.9 46.7 10.7 3.1
2024-05-09T12:59:43.787699 0.0 1.0 1.0 1.0
2024-05-09T12:59:44.789125 16.7 68.6 10.1 12.4
2024-05-09T12:59:45.790272 25.2 95.2 10.4 16.7
2024-05-09T12:59:46.791752 25.6 94.4 6.5 14.9
2024-05-09T12:59:47.793150 27.1 96.1 19.0 16.7
2024-05-09T12:59:48.794055 20.9 95.3 11.2 22.1
2024-05-09T12:59:49.795409 8.6 27.0 5.0 4.1
2024-05-09T12:59:50.796726 1.0 0.0 1.0 0.0
2024-05-09T12:59:51.798082 15.6 88.5 13.7 8.7
2024-05-09T12:59:52.799503 18.8 96.2 17.8 18.6
2024-05-09T12:59:53.800930 21.2 96.2 17.0 14.4
2024-05-09T12:59:54.802098 23.9 95.3 13.4 13.4
2024-05-09T12:59:55.803618 25.5 98.0 14.1 15.5
2024-05-09T12:59:56.804990 4.9 9.0 1.0 1.0
2024-05-09T12:59:57.806247 3.0 10.2 2.0 2.0
2024-05-09T12:59:58.807649 26.2 99.0 14.7 16.1
2024-05-09T12:59:59.809039 20.2 100.0 20.4 18.6
2024-05-09T13:00:00.810169 20.0 99.0 13.7 17.7
2024-05-09T13:00:01.811698 24.5 100.0 13.5 14.1
2024-05-09T13:00:02.812990 15.8 89.9 13.5 18.4
2024-05-09T13:00:03.813945 0.0 0.0 0.0 1.0
2024-05-09T13:00:04.815324 5.1 29.0 4.0 3.1
2024-05-09T13:00:05.816731 18.4 100.0 11.1 9.7
2024-05-09T13:00:06.818054 20.2 100.0 12.0 10.4
2024-05-09T13:00:07.819504 25.0 100.0 14.6 11.5
2024-05-09T13:00:08.820945 22.1 100.0 12.9 11.3
2024-05-09T13:00:09.821936 13.3 70.7 11.7 7.3
2024-05-09T13:00:10.823216 0.0 1.0 0.0 1.0
2024-05-09T13:00:11.824637 8.8 48.0 11.7 4.3
2024-05-09T13:00:12.826054 11.5 100.0 14.6 13.8
2024-05-09T13:00:13.827503 17.1 100.0 19.4 13.8
2024-05-09T13:00:14.829018 22.7 100.0 14.6 13.8
2024-05-09T13:00:15.830096 21.3 100.0 12.8 14.7
2024-05-09T13:00:16.831393 13.2 53.0 9.1 2.2
2024-05-09T13:00:17.832690 0.0 0.0 0.0 0.0
2024-05-09T13:00:18.834099 13.6 67.3 6.4 11.2
2024-05-09T13:00:19.835571 20.0 100.0 12.5 19.6
2024-05-09T13:00:20.837003 19.6 100.0 15.5 13.7
2024-05-09T13:00:21.838014 16.3 100.0 12.8 8.9
2024-05-09T13:00:22.839440 20.0 100.0 15.3 11.0
2024-05-09T13:00:23.840746 7.0 33.3 6.0 5.1
2024-05-09T13:00:24.841957 0.0 0.0 0.0 1.0
2024-05-09T13:00:25.843423 16.2 85.9 14.6 12.9
2024-05-09T13:00:26.844880 21.4 100.0 16.8 14.1
2024-05-09T13:00:27.846095 21.4 100.0 12.9 22.5
2024-05-09T13:00:28.847634 21.4 100.0 13.0 18.6
2024-05-09T13:00:29.849119 20.4 100.0 13.8 17.7
2024-05-09T13:00:30.850429 3.0 15.0 3.0 4.0
2024-05-09T13:00:31.852018 0.0 5.0 0.0 0.0
2024-05-09T13:00:32.853476 20.0 100.0 17.5 18.8
2024-05-09T13:00:33.854981 23.1 100.0 20.2 16.8
2024-05-09T13:00:34.856582 22.9 100.0 18.2 13.3
2024-05-09T13:00:35.858147 22.5 100.0 17.0 17.7
2024-05-09T13:00:36.859495 21.4 95.0 17.3 17.7
2024-05-09T13:00:37.860326 1.0 0.0 1.0 0.0
2024-05-09T13:00:38.861854 5.9 26.7 3.1 3.1
2024-05-09T13:00:39.863327 18.2 100.0 18.2 6.9
2024-05-09T13:00:40.864803 16.5 100.0 16.5 12.8
2024-05-09T13:00:41.866072 20.6 100.0 15.6 13.7
2024-05-09T13:00:42.867566 18.8 100.0 7.8 18.8
2024-05-09T13:00:43.868883 17.3 76.0 8.6 13.1
2024-05-09T13:00:44.870230 0.0 1.0 0.0 0.0
2024-05-09T13:00:45.871554 13.3 45.0 8.1 7.3
2024-05-09T13:00:46.873066 32.3 100.0 13.0 14.1
2024-05-09T13:00:47.874145 31.6 100.0 13.0 13.3
2024-05-09T13:00:48.875732 31.4 100.0 15.6 15.1
2024-05-09T13:00:49.876322 27.4 100.0 16.3 16.1
2024-05-09T13:00:50.877646 14.6 56.0 7.2 10.3
2024-05-09T13:00:51.878942 1.0 0.0 0.0 1.0
2024-05-09T13:00:52.880487 18.1 64.4 5.2 14.6
2024-05-09T13:00:53.882035 24.5 100.0 12.1 22.6
2024-05-09T13:00:54.883537 18.6 100.0 14.0 21.5
2024-05-09T13:00:55.885086 17.5 100.0 12.2 12.0
2024-05-09T13:00:56.886141 20.6 100.0 13.9 20.7
2024-05-09T13:00:57.887456 8.9 36.4 7.8 8.2
2024-05-09T13:00:58.888739 1.0 0.0 1.0 0.0
2024-05-09T13:00:59.890072 19.0 84.0 10.3 9.4
2024-05-09T13:01:00.891698 21.0 100.0 12.4 25.0
2024-05-09T13:01:01.893352 28.8 100.0 9.5 24.0
2024-05-09T13:01:02.894242 21.7 100.0 24.3 18.7
2024-05-09T13:01:03.895796 26.5 100.0 20.4 17.8
2024-05-09T13:01:04.897092 4.9 16.0 1.0 2.0
2024-05-09T13:01:05.898396 2.0 0.0 1.0 0.0
2024-05-09T13:01:06.899696 0.0 1.0 0.0 0.0
2024-05-09T13:01:07.900975 0.0 0.0 1.0 0.0
