2024-05-08T13:29:00.622179 0.0 0.0 0.0 0.0
2024-05-08T13:29:01.623550 1.0 1.0 0.0 1.0
2024-05-08T13:29:02.624099 0.0 1.0 0.0 0.0
2024-05-08T13:29:03.625381 0.0 0.0 0.0 0.0
2024-05-08T13:29:04.626649 0.0 0.0 1.0 0.0
2024-05-08T13:29:05.627931 1.0 0.0 1.0 0.0
2024-05-08T13:29:06.629240 1.0 0.0 1.0 1.0
2024-05-08T13:29:07.630513 1.0 2.0 0.0 1.0
2024-05-08T13:29:08.631793 0.0 0.0 1.0 0.0
2024-05-08T13:29:09.633075 1.0 0.0 1.0 0.0
2024-05-08T13:29:10.634394 0.0 1.0 0.0 0.0
2024-05-08T13:29:11.635718 1.0 1.0 1.0 2.0
2024-05-08T13:29:12.637027 4.0 2.1 3.0 2.0
2024-05-08T13:29:13.638411 2.0 1.0 1.0 1.0
2024-05-08T13:29:14.639727 1.0 0.0 0.0 1.0
2024-05-08T13:29:15.641022 0.0 0.0 0.0 0.0
2024-05-08T13:29:16.642353 1.0 1.0 1.0 0.0
2024-05-08T13:29:17.643660 0.0 1.0 1.0 1.0
2024-05-08T13:29:18.644950 0.0 0.0 1.0 1.0
2024-05-08T13:29:19.646245 1.0 3.9 1.0 1.0
2024-05-08T13:29:20.646601 1.0 1.0 0.0 0.0
2024-05-08T13:29:21.647929 0.0 1.0 0.0 0.0
2024-05-08T13:29:22.649227 1.0 1.0 1.0 0.0
2024-05-08T13:29:23.650552 0.0 0.0 0.0 1.0
2024-05-08T13:29:24.651869 1.0 10.7 2.0 1.0
2024-05-08T13:29:25.653218 3.0 13.3 3.9 2.0
2024-05-08T13:29:26.654582 3.9 11.7 4.0 2.0
2024-05-08T13:29:27.655879 5.0 17.4 5.8 2.0
2024-05-08T13:29:28.657197 2.0 17.3 2.0 2.0
2024-05-08T13:29:29.658511 2.0 4.0 1.0 1.0
2024-05-08T13:29:30.659801 0.0 1.0 1.0 0.0
2024-05-08T13:29:31.661096 4.9 43.4 2.0 2.0
2024-05-08T13:29:32.662495 1.0 45.8 2.0 1.0
2024-05-08T13:29:33.663802 5.0 45.5 1.0 4.9
2024-05-08T13:29:34.665092 3.0 49.1 1.0 2.0
2024-05-08T13:29:35.666122 5.0 46.8 3.0 3.0
2024-05-08T13:29:36.667444 1.0 7.6 1.0 1.0
2024-05-08T13:29:37.668743 0.0 5.8 1.0 1.0
2024-05-08T13:29:38.670015 7.8 55.7 5.9 4.1
2024-05-08T13:29:39.670810 11.1 56.2 2.0 3.2
2024-05-08T13:29:40.672117 12.7 55.9 4.0 4.2
2024-05-08T13:29:41.673508 11.2 55.9 4.0 4.1
2024-05-08T13:29:42.674624 12.7 54.1 1.0 3.1
2024-05-08T13:29:43.675937 1.0 1.0 1.0 0.0
2024-05-08T13:29:44.677258 6.7 19.8 1.0 0.0
2024-05-08T13:29:45.678674 23.3 59.1 6.1 4.1
2024-05-08T13:29:46.679998 27.1 58.5 3.2 0.0
2024-05-08T13:29:47.681325 25.2 58.5 3.2 3.1
2024-05-08T13:29:48.682712 28.2 58.5 6.1 2.1
2024-05-08T13:29:49.684049 21.5 49.7 6.9 3.1
2024-05-08T13:29:50.685378 1.0 1.0 0.0 1.0
2024-05-08T13:29:51.686776 13.6 32.5 2.1 0.0
2024-05-08T13:29:52.688067 29.5 60.4 4.2 5.2
2024-05-08T13:29:53.689410 26.0 60.6 4.2 2.2
2024-05-08T13:29:54.690734 26.4 60.2 3.1 4.2
2024-05-08T13:29:55.692068 28.3 60.5 3.2 2.2
2024-05-08T13:29:56.693400 19.5 42.8 5.0 3.1
2024-05-08T13:29:57.694593 0.0 1.0 0.0 0.0
2024-05-08T13:29:58.695951 10.5 44.4 0.0 0.0
2024-05-08T13:29:59.697266 16.2 63.1 3.2 2.2
2024-05-08T13:30:00.698714 22.5 63.5 4.2 3.2
2024-05-08T13:30:01.700056 19.8 63.3 5.2 2.1
2024-05-08T13:30:02.701382 18.0 64.1 2.2 1.1
2024-05-08T13:30:03.702700 9.3 34.4 1.0 2.0
2024-05-08T13:30:04.703989 2.0 0.0 0.0 0.0
2024-05-08T13:30:05.705319 14.7 57.6 1.0 1.1
2024-05-08T13:30:06.706903 22.9 66.7 1.1 2.3
2024-05-08T13:30:07.708309 27.4 66.9 2.1 3.4
2024-05-08T13:30:08.709604 18.6 67.1 3.1 2.3
2024-05-08T13:30:09.710798 21.7 66.7 4.1 5.6
2024-05-08T13:30:10.712173 6.7 19.8 0.0 0.0
2024-05-08T13:30:11.713461 1.0 0.0 1.0 0.0
2024-05-08T13:30:12.714811 21.2 67.8 3.2 10.1
2024-05-08T13:30:13.716279 17.9 69.0 14.3 10.1
2024-05-08T13:30:14.717575 17.7 68.7 3.3 4.8
2024-05-08T13:30:15.718903 22.0 68.7 9.1 7.1
2024-05-08T13:30:16.720505 18.4 68.5 6.3 4.8
2024-05-08T13:30:17.721805 0.0 2.0 1.0 1.0
2024-05-08T13:30:18.723221 4.9 17.8 1.0 2.0
2024-05-08T13:30:19.724695 18.6 69.9 2.2 4.3
2024-05-08T13:30:20.725509 21.3 69.9 6.4 6.3
2024-05-08T13:30:21.726690 26.7 69.4 2.2 2.2
2024-05-08T13:30:22.728123 25.7 70.4 7.4 1.1
2024-05-08T13:30:23.729417 15.4 60.2 9.9 3.2
2024-05-08T13:30:24.730779 1.0 1.0 0.0 1.0
2024-05-08T13:30:25.731266 10.5 34.8 1.0 2.1
2024-05-08T13:30:26.732679 22.1 76.3 2.2 2.2
2024-05-08T13:30:27.733186 20.2 75.6 7.5 1.1
2024-05-08T13:30:28.734661 12.9 75.4 5.4 4.4
2024-05-08T13:30:29.736208 18.3 75.2 6.4 1.1
2024-05-08T13:30:30.737515 17.0 51.2 1.1 1.1
2024-05-08T13:30:31.738824 1.0 0.0 0.0 1.0
2024-05-08T13:30:32.740380 11.5 50.4 8.0 3.3
2024-05-08T13:30:33.741778 22.3 78.6 6.6 8.2
2024-05-08T13:30:34.742901 17.3 80.3 3.4 9.3
2024-05-08T13:30:35.744324 15.5 78.6 13.0 6.0
2024-05-08T13:30:36.745710 26.3 78.9 9.6 8.1
2024-05-08T13:30:37.746651 9.7 39.3 6.1 2.2
2024-05-08T13:30:38.747962 0.0 0.0 0.0 0.0
2024-05-08T13:30:39.749296 17.9 67.3 3.3 4.5
2024-05-08T13:30:40.750717 15.7 86.2 8.5 2.4
2024-05-08T13:30:41.751336 19.8 87.1 5.6 8.0
2024-05-08T13:30:42.752849 26.0 86.8 2.3 1.2
2024-05-08T13:30:43.754306 17.6 86.2 2.3 3.6
2024-05-08T13:30:44.755607 3.9 23.1 2.0 0.0
2024-05-08T13:30:45.756903 1.0 0.0 2.0 2.0
2024-05-08T13:30:46.758408 18.2 83.3 6.8 7.1
2024-05-08T13:30:47.758748 19.8 86.3 17.0 16.3
2024-05-08T13:30:48.760224 18.2 86.8 10.8 12.6
2024-05-08T13:30:49.761588 21.9 87.1 9.8 11.4
2024-05-08T13:30:50.762794 19.4 85.5 5.6 12.5
2024-05-08T13:30:51.764194 2.0 6.1 1.0 1.0
2024-05-08T13:30:52.764661 3.0 14.6 1.0 0.0
2024-05-08T13:30:53.766145 21.0 93.4 5.6 4.7
2024-05-08T13:30:54.766791 18.6 92.7 6.5 2.4
2024-05-08T13:30:55.768209 19.0 94.3 8.7 6.7
2024-05-08T13:30:56.769650 21.7 94.3 9.6 5.7
2024-05-08T13:30:57.770965 16.0 83.2 9.5 2.3
2024-05-08T13:30:58.772304 1.0 1.0 1.0 1.0
2024-05-08T13:30:59.773281 7.8 32.7 3.1 7.1
2024-05-08T13:31:00.773761 11.7 97.1 9.1 9.5
2024-05-08T13:31:01.774815 19.4 98.0 11.2 10.6
2024-05-08T13:31:02.775943 21.9 99.0 15.1 9.5
2024-05-08T13:31:03.777418 17.2 99.0 16.7 14.6
2024-05-08T13:31:04.778744 15.2 66.3 8.5 8.8
2024-05-08T13:31:05.780015 0.0 0.0 0.0 0.0
2024-05-08T13:31:06.781542 9.1 50.5 12.7 6.5
2024-05-08T13:31:07.782749 17.0 100.0 16.5 11.8
2024-05-08T13:31:08.784224 21.2 100.0 12.9 23.5
2024-05-08T13:31:09.785754 21.4 100.0 19.4 17.4
2024-05-08T13:31:10.786822 17.8 100.0 12.8 22.4
2024-05-08T13:31:11.788121 6.3 49.5 10.1 8.4
2024-05-08T13:31:12.789362 0.0 1.0 1.0 1.0
2024-05-08T13:31:13.790786 16.0 69.3 9.6 9.8
2024-05-08T13:31:14.792266 14.6 100.0 19.6 15.4
2024-05-08T13:31:15.793672 25.5 100.0 18.7 16.3
2024-05-08T13:31:16.794744 23.2 100.0 14.3 16.3
2024-05-08T13:31:17.796271 17.7 100.0 19.0 13.6
2024-05-08T13:31:18.797520 10.7 32.0 5.1 7.1
2024-05-08T13:31:19.798814 0.0 0.0 2.0 0.0
2024-05-08T13:31:20.800268 21.4 86.0 12.0 13.2
2024-05-08T13:31:21.801728 20.8 100.0 18.2 20.6
2024-05-08T13:31:22.802707 22.8 100.0 22.3 20.8
2024-05-08T13:31:23.804282 23.5 100.0 14.1 16.3
2024-05-08T13:31:24.805707 20.4 100.0 18.6 22.2
2024-05-08T13:31:25.807110 2.0 16.8 4.0 3.0
2024-05-08T13:31:26.808685 2.0 5.0 2.0 2.0
2024-05-08T13:31:27.810103 19.8 100.0 14.4 17.2
2024-05-08T13:31:28.810782 18.4 100.0 17.4 25.5
2024-05-08T13:31:29.812243 19.6 100.0 16.0 24.7
2024-05-08T13:31:30.813753 21.7 100.0 16.0 22.3
2024-05-08T13:31:31.814971 21.9 95.0 18.9 27.2
2024-05-08T13:31:32.816326 1.0 0.0 0.0 1.0
2024-05-08T13:31:33.817841 4.1 24.2 5.1 2.1
2024-05-08T13:31:34.818844 23.1 100.0 26.7 22.6
2024-05-08T13:31:35.820520 19.8 100.0 24.8 27.8
2024-05-08T13:31:36.822113 15.6 100.0 17.4 24.5
2024-05-08T13:31:37.822770 17.2 100.0 15.4 21.1
2024-05-08T13:31:38.824101 16.0 76.2 18.2 16.3
2024-05-08T13:31:39.825399 0.0 0.0 2.0 0.0
2024-05-08T13:31:40.826788 8.0 42.4 6.2 10.9
2024-05-08T13:31:41.828263 20.8 100.0 14.4 20.4
2024-05-08T13:31:42.829732 25.0 100.0 21.4 17.0
2024-05-08T13:31:43.830790 19.8 100.0 18.1 17.9
2024-05-08T13:31:44.832192 19.0 100.0 17.0 19.8
2024-05-08T13:31:45.833515 16.0 58.0 4.4 8.3
2024-05-08T13:31:46.834641 0.0 0.0 1.0 0.0
2024-05-08T13:31:47.836100 18.6 59.4 10.5 9.3
2024-05-08T13:31:48.837371 20.0 100.0 18.6 21.8
2024-05-08T13:31:49.838777 24.8 100.0 16.8 19.0
2024-05-08T13:31:50.840211 17.0 100.0 15.8 18.4
2024-05-08T13:31:51.841614 25.7 100.0 18.1 15.6
2024-05-08T13:31:52.842962 6.2 41.4 5.2 6.1
2024-05-08T13:31:53.844285 2.0 0.0 1.0 0.0
2024-05-08T13:31:54.845729 14.1 79.0 16.0 13.2
2024-05-08T13:31:55.846953 14.3 100.0 17.2 21.5
2024-05-08T13:31:56.848433 10.9 100.0 16.5 18.7
2024-05-08T13:31:57.849920 12.6 100.0 15.6 18.7
2024-05-08T13:31:58.850876 23.4 100.0 19.8 26.3
2024-05-08T13:31:59.852216 4.0 22.0 1.0 6.0
2024-05-08T13:32:00.853533 0.0 0.0 0.0 0.0
2024-05-08T13:32:01.854805 22.0 98.0 7.7 13.5
2024-05-08T13:32:02.856302 19.6 100.0 13.5 17.2
2024-05-08T13:32:03.857798 26.7 100.0 13.7 12.4
2024-05-08T13:32:04.858694 22.3 100.0 13.4 20.0
2024-05-08T13:32:05.860134 18.8 100.0 9.8 18.9
2024-05-08T13:32:06.861446 0.0 2.0 0.0 0.0
2024-05-08T13:32:07.862816 2.0 16.3 2.0 3.1
2024-05-08T13:32:08.864335 19.4 100.0 11.5 28.7
2024-05-08T13:32:09.865896 23.6 100.0 11.2 21.3
2024-05-08T13:32:10.866892 15.6 100.0 12.0 23.3
2024-05-08T13:32:11.868441 10.1 100.0 13.1 25.5
2024-05-08T13:32:12.869791 17.0 84.2 11.0 18.7
2024-05-08T13:32:13.871100 0.0 0.0 2.0 0.0
2024-05-08T13:32:14.872399 1.0 0.0 0.0 0.0
2024-05-08T13:32:15.873693 2.0 2.0 1.0 1.0
2024-05-08T13:32:16.875000 1.0 0.0 0.0 1.0
2024-05-08T13:32:17.876298 0.0 0.0 0.0 1.0
2024-05-08T13:32:18.877630 0.0 2.0 2.0 1.0
2024-05-08T13:32:19.878633 0.0 0.0 0.0 0.0
