2024-05-08T13:40:54.754809 0.0 0.0 0.0 0.0
2024-05-08T13:40:55.756104 3.9 2.0 0.0 2.9
2024-05-08T13:40:56.757398 0.0 0.0 0.0 1.0
2024-05-08T13:40:57.758627 0.0 1.0 1.0 0.0
2024-05-08T13:40:58.759934 0.0 0.0 0.0 0.0
2024-05-08T13:40:59.761249 2.0 2.0 1.0 1.0
2024-05-08T13:41:00.762558 1.0 1.0 1.0 2.0
2024-05-08T13:41:01.763847 1.0 0.0 1.0 0.0
2024-05-08T13:41:02.765138 0.0 0.0 0.0 0.0
2024-05-08T13:41:03.766481 0.0 0.0 1.0 0.0
2024-05-08T13:41:04.767851 2.0 1.0 1.0 0.0
2024-05-08T13:41:05.769179 1.0 0.0 0.0 1.0
2024-05-08T13:41:06.770541 2.0 4.0 4.0 3.0
2024-05-08T13:41:07.771831 1.0 0.0 0.0 0.0
2024-05-08T13:41:08.772364 0.0 0.0 0.0 1.0
2024-05-08T13:41:09.773682 1.0 2.9 1.0 0.0
2024-05-08T13:41:10.774980 2.0 0.0 1.0 0.0
2024-05-08T13:41:11.776315 0.0 0.0 0.0 1.0
2024-05-08T13:41:12.777655 1.0 1.0 0.0 1.0
2024-05-08T13:41:13.778621 1.0 1.0 3.0 1.0
2024-05-08T13:41:14.779884 1.0 1.0 0.0 0.0
2024-05-08T13:41:15.781217 1.0 0.0 0.0 0.0
2024-05-08T13:41:16.782585 2.0 1.0 2.0 1.0
2024-05-08T13:41:17.783953 1.0 1.0 0.0 0.0
2024-05-08T13:41:18.785239 1.0 10.6 4.0 3.0
2024-05-08T13:41:19.786526 2.0 7.8 9.7 2.0
2024-05-08T13:41:20.787805 2.0 7.8 6.9 3.0
2024-05-08T13:41:21.789094 1.0 5.0 13.1 2.0
2024-05-08T13:41:22.789728 1.0 16.5 1.0 4.9
2024-05-08T13:41:23.790555 0.0 0.0 0.0 0.0
2024-05-08T13:41:24.791816 5.7 3.0 8.5 2.9
2024-05-08T13:41:25.792176 8.6 9.4 37.7 6.8
2024-05-08T13:41:26.793456 9.4 7.8 35.6 6.8
2024-05-08T13:41:27.794676 9.4 20.5 33.8 5.9
2024-05-08T13:41:28.795961 11.9 16.2 32.6 7.7
2024-05-08T13:41:29.797219 7.8 10.4 32.3 7.7
2024-05-08T13:41:30.798537 0.0 1.0 1.0 2.0
2024-05-08T13:41:31.799813 4.0 20.3 8.6 2.0
2024-05-08T13:41:32.801096 13.0 23.3 44.6 5.0
2024-05-08T13:41:33.802472 16.1 19.8 46.7 6.8
2024-05-08T13:41:34.803752 13.8 38.4 31.5 7.7
2024-05-08T13:41:35.804441 14.5 36.8 32.3 5.0
2024-05-08T13:41:36.805732 11.2 35.6 16.8 2.0
2024-05-08T13:41:37.807047 0.0 0.0 0.0 0.0
2024-05-08T13:41:38.808320 9.4 10.5 34.8 7.7
2024-05-08T13:41:39.809637 13.6 32.3 47.1 10.7
2024-05-08T13:41:40.810792 16.7 50.9 21.1 9.7
2024-05-08T13:41:41.812083 14.5 51.0 26.2 12.3
2024-05-08T13:41:42.813319 7.8 56.8 10.6 10.7
2024-05-08T13:41:43.814641 9.3 16.1 28.6 5.0
2024-05-08T13:41:44.815973 1.0 0.0 0.0 1.0
2024-05-08T13:41:45.817299 12.0 38.1 26.4 9.7
2024-05-08T13:41:46.818721 25.8 36.4 46.2 17.4
2024-05-08T13:41:47.820037 25.6 54.4 24.8 13.3
2024-05-08T13:41:48.821375 22.5 34.1 48.0 15.1
2024-05-08T13:41:49.822763 19.8 52.9 26.7 13.6
2024-05-08T13:41:50.823819 4.0 25.2 2.0 5.8
2024-05-08T13:41:51.825113 0.0 0.0 0.0 2.0
2024-05-08T13:41:52.826488 11.4 55.3 11.7 11.7
2024-05-08T13:41:53.827867 11.5 61.2 18.2 15.2
2024-05-08T13:41:54.829175 13.2 56.1 22.1 15.1
2024-05-08T13:41:55.830654 15.6 48.6 35.0 16.7
2024-05-08T13:41:56.831972 15.6 59.9 16.0 16.8
2024-05-08T13:41:57.833279 2.9 0.0 12.1 2.0
2024-05-08T13:41:58.834553 3.9 3.9 7.6 1.0
2024-05-08T13:41:59.835965 22.6 59.5 27.8 11.5
2024-05-08T13:42:00.837338 15.2 63.4 19.6 10.7
2024-05-08T13:42:01.838777 18.9 65.2 16.7 11.5
2024-05-08T13:42:02.840187 19.1 19.4 63.1 7.1
2024-05-08T13:42:03.841474 20.4 24.6 56.9 7.1
2024-05-08T13:42:04.842804 0.0 0.0 1.0 0.0
2024-05-08T13:42:05.844093 3.0 3.0 24.6 5.0
2024-05-08T13:42:06.845497 17.1 62.9 17.9 18.4
2024-05-08T13:42:07.846718 17.3 14.3 64.6 19.6
2024-05-08T13:42:08.848089 23.2 20.4 61.5 23.2
2024-05-08T13:42:09.849375 23.2 27.0 59.4 14.9
2024-05-08T13:42:10.850680 18.2 9.7 52.2 12.6
2024-05-08T13:42:11.851964 0.0 0.0 0.0 0.0
2024-05-08T13:42:12.852433 7.9 7.0 38.0 9.0
2024-05-08T13:42:13.853740 26.7 23.5 68.5 13.4
2024-05-08T13:42:14.854857 21.1 37.1 55.6 18.6
2024-05-08T13:42:15.856272 23.9 23.9 65.7 20.8
2024-05-08T13:42:16.857561 24.6 17.9 68.7 13.5
2024-05-08T13:42:17.858604 15.0 9.6 43.5 8.9
2024-05-08T13:42:18.859884 1.0 0.0 0.0 2.0
2024-05-08T13:42:19.861197 11.7 11.9 52.8 11.1
2024-05-08T13:42:20.862641 24.3 24.3 67.4 16.2
2024-05-08T13:42:21.863957 25.4 18.9 70.7 18.4
2024-05-08T13:42:22.865299 16.0 71.8 19.4 18.0
2024-05-08T13:42:23.866822 21.4 37.7 57.4 17.0
2024-05-08T13:42:24.868185 11.2 13.6 21.1 6.0
2024-05-08T13:42:25.869467 0.0 1.0 2.0 2.0
2024-05-08T13:42:26.870776 12.7 68.3 17.8 15.3
2024-05-08T13:42:27.872310 19.4 32.1 65.9 16.2
2024-05-08T13:42:28.873626 20.7 33.3 62.6 22.4
2024-05-08T13:42:29.874781 23.4 26.2 71.5 12.9
2024-05-08T13:42:30.876216 19.3 61.3 36.0 18.0
2024-05-08T13:42:31.877532 6.7 3.9 13.3 3.0
2024-05-08T13:42:32.878834 2.0 5.0 2.0 1.0
2024-05-08T13:42:33.880545 29.8 22.6 73.6 25.5
2024-05-08T13:42:34.881470 24.1 20.0 75.0 25.8
2024-05-08T13:42:35.882765 25.2 56.3 44.3 31.4
2024-05-08T13:42:36.884365 24.8 73.3 26.0 22.0
2024-05-08T13:42:37.885858 18.1 76.9 18.7 30.8
2024-05-08T13:42:38.886638 0.0 0.0 0.0 1.0
2024-05-08T13:42:39.888083 4.0 26.7 1.0 8.8
2024-05-08T13:42:40.889489 25.9 83.3 21.2 20.2
2024-05-08T13:42:41.890842 27.0 56.5 50.5 22.3
2024-05-08T13:42:42.892338 26.3 83.2 20.4 19.4
2024-05-08T13:42:43.893002 24.1 83.3 24.3 24.3
2024-05-08T13:42:44.894287 26.1 21.6 56.1 18.1
2024-05-08T13:42:45.894619 0.0 0.0 0.0 0.0
2024-05-08T13:42:46.895494 8.7 44.8 6.1 11.6
2024-05-08T13:42:47.896394 22.4 87.7 19.2 25.3
2024-05-08T13:42:48.897644 25.4 87.5 21.4 20.9
2024-05-08T13:42:49.898989 20.2 59.0 56.1 26.4
2024-05-08T13:42:50.900506 21.4 38.3 70.9 22.2
2024-05-08T13:42:51.901841 12.1 24.3 38.0 7.8
2024-05-08T13:42:52.903153 0.0 0.0 0.0 1.0
2024-05-08T13:42:53.904558 9.3 64.2 9.3 14.1
2024-05-08T13:42:54.906055 22.8 94.4 20.4 25.0
2024-05-08T13:42:55.906737 20.6 64.1 51.4 23.5
2024-05-08T13:42:56.908266 28.2 94.3 19.4 23.0
2024-05-08T13:42:57.909671 21.0 54.5 63.1 16.8
2024-05-08T13:42:58.910986 9.7 21.6 19.6 5.1
2024-05-08T13:42:59.912278 0.0 0.0 2.0 0.0
2024-05-08T13:43:00.913660 14.6 19.4 79.0 20.0
2024-05-08T13:43:01.914807 27.9 26.3 94.4 18.5
2024-05-08T13:43:02.916338 24.8 29.4 96.2 24.5
2024-05-08T13:43:03.917700 18.4 28.3 95.2 24.0
2024-05-08T13:43:04.918837 25.9 55.0 62.5 23.0
2024-05-08T13:43:05.920147 5.0 14.1 2.0 5.0
2024-05-08T13:43:06.921593 1.0 1.0 5.9 0.0
2024-05-08T13:43:07.923137 18.0 96.0 18.2 23.3
2024-05-08T13:43:08.924595 20.4 100.0 16.2 20.5
2024-05-08T13:43:09.926014 19.6 100.0 13.5 29.6
2024-05-08T13:43:10.927554 21.7 100.0 14.3 24.7
2024-05-08T13:43:11.928929 17.6 95.0 14.3 20.9
2024-05-08T13:43:12.930253 2.9 0.0 1.0 0.0
2024-05-08T13:43:13.930768 4.0 27.2 2.0 6.0
2024-05-08T13:43:14.932274 20.8 100.0 11.6 18.7
2024-05-08T13:43:15.933731 26.8 100.0 17.8 22.0
2024-05-08T13:43:16.934713 21.4 100.0 17.0 17.9
2024-05-08T13:43:17.936325 17.2 100.0 15.2 15.1
2024-05-08T13:43:18.937638 16.8 75.8 12.2 17.5
2024-05-08T13:43:19.938991 0.0 0.0 0.0 0.0
2024-05-08T13:43:20.940408 13.6 46.1 6.2 9.2
2024-05-08T13:43:21.941858 23.2 100.0 25.0 19.0
2024-05-08T13:43:22.942762 24.5 100.0 23.3 12.9
2024-05-08T13:43:23.944269 20.6 100.0 17.5 14.0
2024-05-08T13:43:24.945677 19.1 100.0 21.0 19.2
2024-05-08T13:43:25.947066 14.9 55.6 13.9 5.3
2024-05-08T13:43:26.948374 2.0 0.0 0.0 1.0
2024-05-08T13:43:27.949852 9.8 65.3 8.2 8.6
2024-05-08T13:43:28.950746 26.5 100.0 24.8 20.4
2024-05-08T13:43:29.952178 29.8 44.1 77.0 24.3
2024-05-08T13:43:30.953544 22.9 18.0 100.0 21.2
2024-05-08T13:43:31.954738 26.5 50.0 68.4 12.9
2024-05-08T13:43:32.956103 8.2 35.4 7.1 7.0
2024-05-08T13:43:33.956532 0.0 0.0 0.0 0.0
2024-05-08T13:43:34.957941 16.7 83.2 25.8 20.4
2024-05-08T13:43:35.958839 18.8 100.0 31.3 23.2
2024-05-08T13:43:36.960384 17.2 100.0 32.3 23.5
2024-05-08T13:43:37.961934 19.6 100.0 33.0 22.7
2024-05-08T13:43:38.962849 18.0 100.0 29.9 23.5
2024-05-08T13:43:39.964200 5.9 16.2 8.7 6.0
2024-05-08T13:43:40.965708 0.0 3.0 0.0 1.0
2024-05-08T13:43:41.966726 23.4 100.0 18.6 18.3
2024-05-08T13:43:42.968274 21.9 100.0 19.4 17.2
2024-05-08T13:43:43.969718 21.2 100.0 18.6 15.6
2024-05-08T13:43:44.970829 18.8 100.0 23.5 23.0
2024-05-08T13:43:45.972137 20.2 97.0 21.4 17.2
2024-05-08T13:43:46.973471 0.0 1.0 1.0 0.0
2024-05-08T13:43:47.974746 5.0 22.2 2.0 4.1
2024-05-08T13:43:48.976329 21.0 100.0 14.9 23.4
2024-05-08T13:43:49.977820 16.0 100.0 18.4 28.2
2024-05-08T13:43:50.978831 16.8 100.0 12.4 16.9
2024-05-08T13:43:51.980360 14.1 100.0 14.1 22.1
2024-05-08T13:43:52.981683 16.3 78.0 11.2 15.8
2024-05-08T13:43:53.982625 0.0 0.0 0.0 1.0
2024-05-08T13:43:54.984076 10.0 7.2 44.0 7.2
2024-05-08T13:43:55.985531 26.2 20.2 100.0 17.3
2024-05-08T13:43:56.986744 21.8 33.0 89.2 21.6
2024-05-08T13:43:57.988217 20.2 100.0 21.8 19.4
2024-05-08T13:43:58.989633 20.6 100.0 21.0 16.0
2024-05-08T13:43:59.990730 15.7 57.0 15.0 16.2
2024-05-08T13:44:00.992023 0.0 0.0 0.0 0.0
2024-05-08T13:44:01.993483 15.4 13.3 64.4 13.7
2024-05-08T13:44:02.994776 23.1 18.9 100.0 19.1
2024-05-08T13:44:03.996301 24.3 24.0 92.9 22.9
2024-05-08T13:44:04.997841 21.3 100.0 22.5 25.5
2024-05-08T13:44:05.998904 16.7 100.0 21.4 24.0
2024-05-08T13:44:07.000240 6.0 37.0 9.8 6.2
2024-05-08T13:44:08.001539 0.0 0.0 0.0 0.0
2024-05-08T13:44:09.002601 0.0 1.0 1.0 1.0
2024-05-08T13:44:10.003890 2.0 2.0 2.0 0.0
2024-05-08T13:44:11.005174 0.0 0.0 0.0 0.0
2024-05-08T13:44:12.006552 0.0 0.0 0.0 1.0
2024-05-08T13:44:13.007877 1.0 0.0 0.0 1.0
2024-05-08T13:44:14.009215 0.0 1.0 1.0 1.0
