Random waveform, supplied seed
Total number of intervals = 90 (7434, 67201, 85927, 63953, 31595, 87879, 7287, 62295, 6561, 22532, 60653, 59076, 60154, 22964, 8172, 27652, 37594, 24367, 33771, 84944, 85666, 51918, 34406, 28664, 38289, 20658, 13840, 93419, 98284, 71313, 42089, 46458, 30755, 42889, 93552, 65694, 29574, 51355, 67361, 16287, 81508, 87619, 99068, 51267, 11822, 97494, 97350, 55460, 85984, 82043, 52873, 13911, 49984, 9274, 27187, 18735, 86505, 93039, 75999, 32324, 84255, 81759, 37291, 53818, 30297, 31569, 38927, 10652, 98119, 48176, 34929, 69735, 20753, 84642, 42333, 61587, 77998, 97625, 23781, 66723, 31016, 47394, 95335, 5252, 65908, 16889, 42912, 99898, 26385, 22616)
Average QPS expected = 51583
Timestamp start: 1715514152433
Timestamp end: 1715515053080

#type       avg     std     min      p5     p10     p50     p67     p75     p80     p85     p90     p95     p99    p999   p9999      QPS   target
read      356.7   411.8   160.7   217.4   234.7   334.8   364.6   380.5   392.4   404.3   425.6   460.3   633.0  6735.9 18015.6   7421.6     7434
read      379.8   259.1   148.8   203.7   217.0   338.3   404.6   447.0   479.3   519.4   573.1   658.7  1012.8  2515.0 10134.9  67177.4    67201
read      363.9   215.0   148.8   204.0   217.6   330.2   392.9   430.4   460.0   495.9   542.4   617.9   805.3  2028.6  7579.9  86059.3    85927
read      366.6   199.1   148.8   202.4   215.0   334.3   398.4   437.4   468.8   507.3   558.4   635.1   794.9  1819.4  6464.0  63939.0    63953
read      384.7   242.3   148.8   200.9   214.5   339.2   421.0   472.6   506.9   544.4   589.6   664.9  1056.9  1894.8  8059.4  31588.2    31595
read      366.7   232.8   148.8   205.0   219.4   333.0   396.1   434.0   463.4   498.7   544.3   619.0   804.5  1983.3  8143.5  87756.0    87879
read      350.1   444.2   160.7   213.9   230.9   328.9   358.1   373.0   385.5   398.7   418.0   450.0   625.1  5694.9 20399.3   7254.3     7287
read      372.3   200.6   148.8   204.5   218.6   339.5   406.5   448.9   481.2   519.6   568.5   641.8   806.5  1510.8  7744.4  62296.7    62295
read      345.9   470.7   160.7   216.7   235.6   323.2   349.2   364.0   373.3   387.3   402.1   431.8   578.5  6464.1 23027.1   6496.5     6561
read      371.0   256.6   148.8   205.0   219.0   341.8   422.0   462.2   487.5   513.4   543.9   588.6   701.0  2303.9 11520.3  22467.6    22532
read      383.5   192.8   148.8   205.7   220.0   348.9   420.4   463.7   496.8   536.7   589.0   672.3   867.7  1776.9  5582.7  60706.5    60653
read      383.0   217.8   148.8   206.1   220.1   347.8   419.1   462.3   495.5   535.7   588.1   668.9   849.8  1908.3  7626.3  59118.2    59076
read      381.4   192.7   148.8   205.7   219.7   347.5   417.7   460.8   494.0   534.1   586.6   667.7   852.8  1752.2  4723.7  60096.1    60154
read      381.5   257.0   148.8   203.7   216.9   342.9   429.4   473.0   500.8   531.1   567.9   630.1   931.7  2248.3 10807.5  22972.0    22964
read      356.4   397.1   160.7   209.7   225.9   337.3   371.6   390.8   403.2   420.9   441.3   482.4   655.1  5209.9 18188.4   8245.5     8172
read      381.4   279.3   148.8   203.2   216.6   336.8   419.5   468.8   500.0   533.9   574.8   637.4   983.7  2122.6 12259.1  27610.6    27652
read      388.1   259.3   148.8   202.5   216.3   341.0   416.2   467.5   504.8   545.4   594.2   673.7  1105.8  2515.9  8621.8  37623.3    37594
read      380.6   302.2   148.8   203.9   217.1   337.8   422.9   468.8   497.4   528.0   564.6   625.4   953.6  3055.7 13791.0  24306.0    24367
read      384.9   242.5   148.8   202.6   216.0   339.3   417.9   469.5   505.2   544.3   590.8   665.7  1068.2  1884.0  9921.9  33795.5    33771
read      384.7   217.1   148.8   209.6   225.0   349.2   416.8   458.6   490.5   529.2   580.4   661.3   863.2  2179.4  7210.0  84703.1    84944
read      372.6   201.4   148.8   207.4   222.3   340.3   404.5   444.5   473.8   510.4   559.3   635.0   806.9  1716.0  6453.6  85720.2    85666
read      386.1   255.5   148.8   206.5   220.9   347.6   419.2   463.8   498.4   538.9   589.9   669.9   866.7  2475.7  9825.8  51875.4    51918
read      467.9   631.4   148.8   205.4   219.7   350.4   455.0   529.4   588.9   682.4   862.2  1083.0  1481.5  7068.2 16933.3  34490.6    34406
read      397.6   367.7   148.8   204.3   218.4   338.4   426.6   477.2   510.0   545.8   592.2   701.1  1115.4  4695.2 12286.7  28575.5    28664
read      386.3   332.2   148.8   203.7   217.0   340.4   414.2   464.2   500.9   542.3   593.4   668.4   945.7  2893.8 11848.7  38361.9    38289
read      429.5   462.8   148.8   202.3   215.5   366.5   462.2   512.0   550.3   612.5   708.7   834.9  1077.0  6101.5 20738.3  20704.2    20658
read      416.2   566.3   160.7   203.5   217.2   368.8   436.1   474.7   506.5   548.0   607.4   690.5   930.9  6392.3 30784.3  13832.9    13840
read      385.1   288.6   148.8   210.2   226.0   346.0   408.9   448.3   478.2   515.7   566.0   643.6   892.3  3495.3  9814.6  93431.7    93419
read      382.3   236.1   148.8   211.9   228.3   348.7   410.4   449.2   478.1   514.2   563.1   638.6   838.3  2143.3  9024.2  98351.3    98284
read      378.2   215.6   148.8   205.7   219.7   341.3   410.0   452.0   483.6   522.6   574.9   658.2   873.2  2065.6  7004.9  71422.6    71313
read      382.4   264.0   148.8   205.6   219.8   344.7   414.4   461.8   498.7   540.1   590.3   662.5   838.6  1848.4  8411.8  42045.5    42089
read      379.3   257.8   148.8   204.9   218.9   340.6   407.9   454.4   490.7   533.4   586.1   660.1   846.8  1704.3 10216.4  46347.7    46458
read      447.0   408.7   148.8   203.4   217.3   350.9   457.6   526.0   579.7   662.2   819.0  1008.3  1319.1  4272.2 12806.8  30797.6    30755
read      380.5   245.6   148.8   203.6   216.7   340.5   410.8   458.1   494.2   536.6   588.2   662.7   893.1  2066.1  8636.7  42943.4    42889
read      375.1   251.9   148.8   209.0   224.4   340.8   401.8   439.3   468.4   504.5   551.4   628.4   829.2  2493.1  8627.3  93509.0    93552
read      375.4   198.8   148.8   205.1   218.8   339.9   407.2   449.2   481.3   521.0   573.2   651.7   852.7  1983.3  5609.6  65731.4    65694
read      448.2   371.4   148.8   203.7   217.4   348.8   462.4   533.0   590.0   693.0   840.5  1003.7  1275.8  3923.6 11887.4  29566.6    29574
read      378.7   235.5   148.8   204.2   217.8   340.6   407.2   452.3   487.4   530.0   583.1   661.3   903.4  1891.2  8548.0  51325.9    51355
read      378.5   267.0   148.8   205.2   219.1   339.6   407.9   450.4   482.3   521.4   573.2   651.3   854.6  2738.6  8496.6  67333.7    67361
read      417.0   429.8   148.8   204.1   217.4   376.0   450.7   492.7   526.7   574.6   643.1   740.0   935.2  4556.4 16599.5  16241.0    16287
read      384.6   314.1   148.8   207.8   222.4   342.2   409.3   450.7   481.3   518.8   569.4   649.3   956.8  3183.1 12346.8  81528.0    81508
read      372.3   258.4   148.8   206.9   221.7   337.2   400.4   439.4   469.1   505.6   553.9   631.2   815.3  2119.0  9902.6  87458.2    87619
read      369.2   197.3   148.8   209.9   225.7   340.5   399.0   434.3   462.1   496.1   540.9   612.0   779.1  1799.5  7399.5  99126.1    99068
read      377.0   262.1   148.8   204.2   217.6   339.6   407.2   451.6   486.2   527.9   579.8   654.9   816.5  1840.4  9972.5  51252.0    51267
read      369.1   346.9   148.8   205.8   219.8   350.7   398.0   421.9   437.1   457.5   482.8   531.4   808.6  4148.6 15616.2  11798.4    11822
read      373.0   334.4   148.8   208.5   223.9   337.4   396.3   432.2   460.7   495.6   541.8   619.0   886.4  2490.6  8401.3  97533.8    97494
read      372.6   193.5   148.8   209.8   225.4   341.3   401.3   437.6   466.3   501.9   547.8   623.4   819.0  1909.4  7574.6  97428.1    97350
read      370.4   231.6   148.8   202.6   215.5   335.1   400.5   442.4   476.1   517.9   570.2   641.0   803.3  1839.2  7449.4  55577.2    55460
read      362.5   194.8   148.8   204.3   218.2   328.9   391.4   428.7   457.7   493.2   540.1   617.4   807.0  1974.8  6139.4  86033.1    85984
read      362.4   211.4   148.8   204.0   217.5   328.6   391.5   429.6   459.1   495.4   542.8   619.3   806.7  1700.3  8067.9  82008.4    82043
read      372.3   276.8   148.8   202.9   215.8   335.0   400.8   443.0   477.0   518.9   570.4   640.5   801.4  2052.4 10447.3  52841.2    52873
read      368.1   357.8   160.7   203.3   216.0   349.8   405.5   432.8   451.8   471.4   499.9   546.5   764.7  4059.3 15234.6  13859.3    13911
read      377.2   232.4   148.8   202.9   216.0   339.9   406.9   451.8   487.4   530.3   583.3   658.0   858.5  1969.5  7821.0  49970.3    49984
read      358.4   428.1   148.8   205.4   219.7   338.3   376.4   396.5   410.6   427.6   450.3   490.8   686.6  6156.7 20782.8   9299.7     9274
read      381.8   318.8   148.8   200.8   214.3   335.7   420.0   468.0   499.5   533.1   573.2   635.6   997.5  2400.8 15481.9  27194.7    27187
read      373.6   285.1   148.8   202.6   215.1   346.4   420.8   456.6   479.8   504.7   537.0   589.2   866.1  3313.3 12392.5  18829.1    18735
read      367.6   238.8   148.8   204.5   218.7   330.8   394.0   432.1   461.8   498.1   545.2   623.5   846.6  2372.5  7889.3  86481.5    86505
read      366.5   199.2   148.8   206.8   221.6   334.7   395.3   431.9   460.6   495.7   541.7   615.6   801.5  1822.8  6875.3  93138.3    93039
read      367.9   223.7   148.8   202.9   216.0   330.7   395.9   434.8   465.5   503.3   552.9   633.1   862.8  2069.0  7838.1  75971.0    75999
read      381.3   263.0   148.8   200.9   214.5   336.7   415.0   465.6   500.1   537.5   581.7   647.8  1014.6  2024.9  9821.6  32272.3    32324
read      368.6   246.5   148.8   204.9   219.1   332.3   395.5   433.5   463.2   499.4   546.8   625.7   837.9  2359.3  7832.9  84269.2    84255
read      367.9   198.7   148.8   204.5   218.7   332.7   398.2   437.7   468.0   505.2   553.5   629.8   826.0  1828.2  6911.2  81646.0    81759
read      385.4   290.1   148.8   202.4   216.4   338.1   412.0   463.3   500.5   541.2   589.3   663.5  1081.4  2375.5  9695.2  37406.6    37291
read      373.6   224.5   148.8   202.7   215.6   336.9   403.0   446.3   480.6   522.7   575.4   647.6   845.0  1991.9  7851.8  53719.5    53818
read      381.3   258.0   148.8   200.3   214.3   336.0   415.4   465.5   499.1   535.2   578.5   643.0  1047.0  2491.0 10452.1  30271.6    30297
read      378.4   263.9   148.8   200.0   213.6   332.9   411.4   462.3   496.7   533.4   577.6   645.3  1031.8  2078.2  8192.4  31509.2    31569
read      385.5   252.8   148.8   201.1   214.6   340.5   414.0   463.7   500.6   541.8   591.7   670.0  1121.2  2131.3  8567.6  39104.7    38927
read      357.0   364.6   160.7   204.6   217.8   342.6   385.2   406.3   422.0   438.0   462.1   502.0   695.9  3996.3 17724.7  10673.8    10652
read      372.8   221.9   148.8   208.7   224.2   339.4   399.3   435.5   464.0   499.1   545.4   622.4   848.5  2302.6  8136.4  98144.5    98119
read      370.3   222.8   148.8   202.2   215.0   334.4   400.4   444.6   479.8   521.7   572.6   641.1   802.7  1581.0  7883.7  48085.2    48176
read      382.7   237.9   148.8   200.3   214.2   338.0   412.9   463.9   500.3   539.7   585.7   656.0  1074.2  2256.1  8004.5  35009.6    34929
read      371.5   231.6   148.8   203.5   216.9   335.8   401.4   441.6   472.5   510.8   562.3   640.0   846.8  1989.2  9521.3  69790.9    69735
read      377.7   328.6   148.8   202.2   214.8   340.5   421.0   459.9   484.9   511.5   545.6   607.3   909.4  3487.2 14234.0  20744.7    20753
read      378.4   274.1   148.8   205.7   220.4   339.6   405.4   447.0   478.1   516.7   567.3   647.1   881.5  2365.2  9139.0  84638.2    84642
read      389.3   272.9   148.8   202.1   215.9   341.5   414.4   463.5   500.7   543.7   596.6   678.7  1152.9  2610.1  8612.3  42280.3    42333
read      375.3   203.5   148.8   204.3   217.8   340.6   407.7   450.0   482.0   521.7   572.9   650.7   857.6  1968.7  6118.0  61603.0    61587
read      404.1   357.0   148.8   206.8   221.7   344.6   413.0   456.2   489.7   531.8   590.1   701.0  1613.1  3976.9  8870.4  77975.2    77998
read      388.7   349.6   148.8   211.1   227.5   347.8   409.3   447.8   476.8   513.3   563.5   641.0   909.5  3934.0 11544.2  97583.5    97625
read      390.2   416.2   148.8   202.4   215.0   340.0   426.0   470.3   498.9   530.1   569.7   642.8  1022.4  5343.9 14852.1  23763.0    23781
read      385.7   252.0   148.8   204.8   218.6   342.4   410.4   452.8   485.5   526.3   581.2   673.7  1161.1  2585.9  8255.4  66785.4    66723
read      393.6   458.2   148.8   202.4   215.4   335.3   415.8   466.8   501.1   538.1   583.9   663.8  1101.0  6501.9 17564.9  31021.2    31016
read      362.9   214.9   148.8   202.0   215.1   331.2   395.5   437.3   471.7   511.9   556.9   617.2   733.9  1092.0  8759.5  47425.0    47394
read      349.8   168.2   148.8   205.2   219.7   326.7   383.8   416.6   441.1   470.7   509.6   570.3   685.4   935.6  6529.5  95280.5    95335
read      339.2   524.0   160.7   220.0   239.9   309.0   331.0   342.5   351.5   363.1   374.8   401.7   578.3  8219.2 20112.6   5252.4     5252
read      353.0   178.7   148.8   200.5   214.0   326.6   388.3   424.2   452.6   487.7   531.8   590.4   706.4  1089.4  5987.9  65841.3    65908
read      356.1   310.1   148.8   205.1   218.6   339.9   401.2   429.4   447.3   465.6   488.7   520.1   600.3  3911.1 15476.3  16928.8    16889
read      361.6   207.1   148.8   200.9   214.1   328.8   396.6   440.5   475.2   513.9   555.7   613.0   730.6  1015.6  8530.7  42981.0    42912
read      350.3   157.6   148.8   207.7   222.5   328.7   384.3   416.1   439.9   469.1   507.2   565.3   678.3   908.6  4239.4  99817.4    99898
read      361.7   246.4   148.8   203.1   216.3   326.6   409.2   452.7   479.4   506.0   535.9   577.2   668.7  2487.3 10757.6  26384.8    26385
read      358.6   253.2   148.8   203.4   216.4   330.6   409.5   448.1   471.3   495.5   522.7   558.0   638.2  1546.4 12338.2  22641.2    22616

Total QPS = 51582.4 (46424200 / 900.0s)

Total connections = 64
Misses = 0 (0.0%)
Skipped TXs = 0 (0.0%)

RX 11466777153 bytes :   12.2 MB/s
TX          0 bytes :    0.0 MB/s
Warning! Detected max cpu usage > 95%
CPU Usage Stats (avg/min/max): 99.98%,50.50%,100.00%
