2024-05-08T07:39:46.066881 0.0 0.0 0.0 0.0
2024-05-08T07:39:51.072288 1.0 0.4 0.6 0.4
2024-05-08T07:39:56.077407 1.0 0.6 1.1 1.3
2024-05-08T07:40:01.081427 1.8 1.0 2.1 1.3
2024-05-08T07:40:06.085361 2.2 1.0 2.6 1.9
2024-05-08T07:40:11.086106 2.5 1.4 5.3 4.4
2024-05-08T07:40:16.089358 6.8 4.3 13.5 12.4
2024-05-08T07:40:21.093511 6.8 5.1 12.0 12.0
2024-05-08T07:40:26.097455 8.6 4.7 15.2 15.0
2024-05-08T07:40:31.101377 13.9 9.6 32.4 27.3
2024-05-08T07:40:36.105504 14.2 8.3 36.2 36.8
2024-05-08T07:40:41.109480 11.2 9.9 33.0 34.5
2024-05-08T07:40:46.113586 16.1 11.7 34.5 37.6
2024-05-08T07:40:51.118989 20.6 24.8 56.7 54.4
2024-05-08T07:40:56.121682 16.3 10.2 47.8 46.2
2024-05-08T07:41:01.125474 13.3 10.8 46.5 45.2
2024-05-08T07:41:06.130809 15.5 12.2 49.4 48.1
2024-05-08T07:41:11.133645 23.5 20.4 67.0 65.3
2024-05-08T07:41:16.137480 16.0 13.8 48.2 50.6
2024-05-08T07:41:21.141531 19.6 16.1 49.1 51.8
2024-05-08T07:41:26.145387 19.5 12.8 57.0 60.2
2024-05-08T07:41:31.149563 21.6 18.6 71.5 69.3
2024-05-08T07:41:36.153798 16.6 19.2 54.1 52.8
2024-05-08T07:41:41.157529 19.3 21.1 54.5 53.5
2024-05-08T07:41:46.163045 20.4 20.2 70.4 72.9
2024-05-08T07:41:51.165705 28.2 19.8 73.0 69.1
2024-05-08T07:41:56.169581 23.1 21.3 58.3 57.8
2024-05-08T07:42:01.174509 19.0 24.3 59.0 59.0
2024-05-08T07:42:06.179909 21.8 24.6 84.2 86.8
2024-05-08T07:42:11.181682 24.0 23.7 71.7 69.8
2024-05-08T07:42:16.185551 22.1 20.4 62.5 63.1
2024-05-08T07:42:21.189638 21.4 17.7 62.8 64.2
2024-05-08T07:42:26.194996 34.4 25.7 98.2 98.0
2024-05-08T07:42:31.197616 26.7 22.6 65.9 65.7
2024-05-08T07:42:36.201724 18.8 21.6 64.3 64.4
2024-05-08T07:42:41.207108 13.0 20.5 70.2 70.1
2024-05-08T07:42:46.212523 0.8 1.0 0.6 0.4
2024-05-08T07:42:51.217901 0.4 1.2 0.2 0.6
2024-05-08T07:42:56.223289 1.0 0.6 0.4 0.6
2024-05-08T07:43:01.227574 0.6 0.4 0.4 0.8
