2024-05-09T12:42:01.088190 0.0 0.0 0.0 0.0
2024-05-09T12:42:02.089494 0.0 1.0 0.0 0.0
2024-05-09T12:42:03.090808 2.0 1.0 1.0 0.0
2024-05-09T12:42:04.092080 0.0 1.0 1.0 0.0
2024-05-09T12:42:05.093394 0.0 0.0 1.0 0.0
2024-05-09T12:42:06.094678 1.0 1.0 0.0 0.0
2024-05-09T12:42:07.095956 0.0 0.0 0.0 1.0
2024-05-09T12:42:08.097232 0.0 0.0 1.0 0.0
2024-05-09T12:42:09.098572 1.0 0.0 0.0 2.0
2024-05-09T12:42:10.099854 1.0 0.0 0.0 0.0
2024-05-09T12:42:11.101174 0.0 0.0 0.0 0.0
2024-05-09T12:42:12.101934 0.0 2.0 0.0 1.0
2024-05-09T12:42:13.103210 3.0 0.0 0.0 1.0
2024-05-09T12:42:14.104526 5.0 5.0 3.0 2.0
2024-05-09T12:42:15.105864 2.0 1.0 0.0 1.0
2024-05-09T12:42:16.107146 0.0 0.0 0.0 0.0
2024-05-09T12:42:17.108424 0.0 0.0 1.0 0.0
2024-05-09T12:42:18.109806 0.0 0.0 0.0 1.0
2024-05-09T12:42:19.111094 0.0 0.0 0.0 0.0
2024-05-09T12:42:20.112075 0.0 0.0 1.0 0.0
2024-05-09T12:42:21.113390 1.0 0.0 0.0 0.0
2024-05-09T12:42:22.114679 0.0 0.0 0.0 0.0
2024-05-09T12:42:23.115953 1.0 3.0 1.0 0.0
2024-05-09T12:42:24.117231 1.0 0.0 0.0 0.0
2024-05-09T12:42:25.118548 0.0 0.0 0.0 1.0
2024-05-09T12:42:26.119883 1.0 1.0 2.0 0.0
2024-05-09T12:42:27.121174 0.0 1.0 1.0 1.0
2024-05-09T12:42:28.121960 1.0 3.0 3.9 0.0
2024-05-09T12:42:29.122603 10.2 11.3 9.6 2.0
2024-05-09T12:42:30.123881 6.7 9.6 8.7 2.0
2024-05-09T12:42:31.125164 3.9 12.1 10.5 3.0
2024-05-09T12:42:32.125969 8.6 9.6 13.8 4.0
2024-05-09T12:42:33.127270 6.7 10.5 7.8 1.0
2024-05-09T12:42:34.128567 1.0 0.0 1.0 1.0
2024-05-09T12:42:35.129901 10.1 14.3 17.2 1.0
2024-05-09T12:42:36.131179 19.3 28.9 29.7 4.9
2024-05-09T12:42:37.132481 16.7 30.8 31.3 9.4
2024-05-09T12:42:38.133852 17.9 32.3 28.6 10.9
2024-05-09T12:42:39.135159 20.8 33.6 33.3 9.4
2024-05-09T12:42:40.136477 11.0 19.0 21.0 4.9
2024-05-09T12:42:41.137804 1.0 1.0 0.0 0.0
2024-05-09T12:42:42.139068 17.8 26.0 25.2 13.4
2024-05-09T12:42:43.140394 18.8 41.6 40.1 16.1
2024-05-09T12:42:44.141849 22.1 42.6 36.8 17.5
2024-05-09T12:42:45.142995 27.3 42.0 37.0 14.4
2024-05-09T12:42:46.144298 25.0 43.1 41.6 11.2
2024-05-09T12:42:47.145604 9.3 21.7 21.7 7.6
2024-05-09T12:42:48.146898 0.0 0.0 0.0 0.0
2024-05-09T12:42:49.148192 17.9 33.6 37.5 7.7
2024-05-09T12:42:50.149594 24.6 42.9 43.7 16.8
2024-05-09T12:42:51.150038 24.8 43.9 45.2 15.9
2024-05-09T12:42:52.151304 29.1 45.2 47.1 14.4
2024-05-09T12:42:53.152574 26.4 43.2 46.8 15.8
2024-05-09T12:42:54.153872 10.1 15.2 17.5 5.8
2024-05-09T12:42:55.155143 0.0 0.0 0.0 0.0
2024-05-09T12:42:56.156270 26.2 46.0 44.1 14.7
2024-05-09T12:42:57.157733 29.5 47.3 48.7 20.0
2024-05-09T12:42:58.159107 28.2 48.0 46.6 18.4
2024-05-09T12:42:59.160381 21.7 48.3 47.3 19.1
2024-05-09T12:43:00.161777 26.2 46.6 48.3 13.9
2024-05-09T12:43:01.163112 2.9 7.5 7.6 3.9
2024-05-09T12:43:02.164427 2.9 7.6 5.8 0.0
2024-05-09T12:43:03.165906 28.6 49.0 49.3 16.7
2024-05-09T12:43:04.167206 29.7 52.3 50.7 20.5
2024-05-09T12:43:05.168537 31.1 51.6 50.3 13.6
2024-05-09T12:43:06.169977 29.5 51.3 51.9 16.7
2024-05-09T12:43:07.171352 25.8 48.7 47.2 16.8
2024-05-09T12:43:08.172656 0.0 0.0 0.0 1.0
2024-05-09T12:43:09.174045 8.5 18.7 19.5 4.9
2024-05-09T12:43:10.175350 33.3 53.9 54.8 14.8
2024-05-09T12:43:11.176444 29.6 54.2 53.3 17.9
2024-05-09T12:43:12.177898 31.0 54.5 54.8 19.1
2024-05-09T12:43:13.179207 28.2 54.8 54.8 20.9
2024-05-09T12:43:14.180572 24.8 41.9 43.5 10.5
2024-05-09T12:43:15.181929 1.0 0.0 0.0 1.0
2024-05-09T12:43:16.183271 19.5 30.6 31.1 8.6
2024-05-09T12:43:17.184544 29.6 55.1 54.7 20.2
2024-05-09T12:43:18.186012 33.3 55.0 54.4 22.2
2024-05-09T12:43:19.187355 28.2 56.7 57.6 18.0
2024-05-09T12:43:20.188623 27.6 55.1 57.7 18.8
2024-05-09T12:43:21.189960 18.4 35.9 36.9 14.4
2024-05-09T12:43:22.191276 0.0 0.0 1.0 0.0
2024-05-09T12:43:23.192536 25.8 43.4 42.0 14.0
2024-05-09T12:43:24.194103 31.8 58.7 58.2 23.9
2024-05-09T12:43:25.195436 29.1 60.5 54.9 26.1
2024-05-09T12:43:26.196711 29.1 58.9 55.6 22.8
2024-05-09T12:43:27.198166 28.8 59.7 56.4 26.7
2024-05-09T12:43:28.199506 17.2 25.9 25.6 7.7
2024-05-09T12:43:29.200791 0.0 0.0 1.0 0.0
2024-05-09T12:43:30.202130 29.9 53.2 51.5 18.0
2024-05-09T12:43:31.203487 30.1 62.1 59.9 23.3
2024-05-09T12:43:32.204761 31.5 61.2 59.6 18.2
2024-05-09T12:43:33.206117 31.8 61.0 59.3 24.6
2024-05-09T12:43:34.207560 36.1 61.5 61.2 25.2
2024-05-09T12:43:35.208872 6.7 15.6 14.8 4.9
2024-05-09T12:43:36.210079 0.0 4.9 3.9 1.0
2024-05-09T12:43:37.211463 29.7 62.4 65.5 21.4
2024-05-09T12:43:38.212748 33.3 60.4 63.2 16.0
2024-05-09T12:43:39.214079 33.1 60.5 63.4 15.2
2024-05-09T12:43:40.215431 29.2 60.7 64.1 19.1
2024-05-09T12:43:41.216765 34.1 59.9 63.2 23.9
2024-05-09T12:43:42.217964 1.0 0.0 1.0 2.0
2024-05-09T12:43:43.219503 12.7 19.1 20.2 2.0
2024-05-09T12:43:44.220817 38.3 62.2 68.4 23.2
2024-05-09T12:43:45.222136 36.8 61.5 68.1 20.9
2024-05-09T12:43:46.223538 33.1 62.0 68.3 20.7
2024-05-09T12:43:47.224872 29.8 61.3 67.4 23.5
2024-05-09T12:43:48.225937 29.3 50.4 55.8 20.9
2024-05-09T12:43:49.226686 0.0 1.0 0.0 0.0
2024-05-09T12:43:50.227974 21.8 34.5 33.3 7.0
2024-05-09T12:43:51.229253 30.9 66.4 66.2 27.0
2024-05-09T12:43:52.230151 33.9 66.9 66.9 22.0
2024-05-09T12:43:53.231700 33.9 67.6 67.4 29.8
2024-05-09T12:43:54.232991 31.7 68.1 66.7 25.0
2024-05-09T12:43:55.234313 20.9 45.1 45.2 12.6
2024-05-09T12:43:56.235651 1.0 1.0 1.0 1.0
2024-05-09T12:43:57.236926 22.1 48.0 50.0 19.1
2024-05-09T12:43:58.238280 39.2 66.9 69.3 32.0
2024-05-09T12:43:59.239742 35.7 66.7 68.6 24.1
2024-05-09T12:44:00.241029 37.3 66.9 69.5 30.0
2024-05-09T12:44:01.242235 38.5 67.4 69.9 32.8
2024-05-09T12:44:02.243532 15.1 30.1 32.2 13.1
2024-05-09T12:44:03.244828 0.0 0.0 0.0 0.0
2024-05-09T12:44:04.246174 31.9 64.0 61.1 22.7
2024-05-09T12:44:05.247689 41.2 74.8 72.1 20.2
2024-05-09T12:44:06.248286 33.6 73.5 70.7 29.4
2024-05-09T12:44:07.249783 33.9 73.1 71.1 25.7
2024-05-09T12:44:08.251395 33.6 73.3 69.3 29.8
2024-05-09T12:44:09.252712 8.6 16.7 15.2 4.0
2024-05-09T12:44:10.254168 1.0 3.0 1.0 1.0
2024-05-09T12:44:11.255557 34.4 73.5 73.6 30.2
2024-05-09T12:44:12.256541 35.2 74.4 75.2 27.7
2024-05-09T12:44:13.258112 33.3 74.0 75.4 27.7
2024-05-09T12:44:14.259664 35.0 73.8 76.0 27.5
2024-05-09T12:44:15.260983 31.4 73.1 74.4 25.0
2024-05-09T12:44:16.262336 0.0 1.0 1.0 0.0
2024-05-09T12:44:17.263714 12.7 21.0 21.0 5.0
2024-05-09T12:44:18.265096 33.9 78.5 76.4 17.8
2024-05-09T12:44:19.266062 31.1 80.3 78.6 27.0
2024-05-09T12:44:20.267467 28.6 80.0 78.5 21.7
2024-05-09T12:44:21.268807 29.1 81.4 79.3 28.7
2024-05-09T12:44:22.270099 28.5 62.9 63.6 15.5
2024-05-09T12:44:23.271397 2.0 1.0 1.0 1.0
2024-05-09T12:44:24.272851 14.2 39.4 38.7 15.7
2024-05-09T12:44:25.274069 31.4 82.1 77.8 27.8
2024-05-09T12:44:26.275548 37.7 80.7 77.2 27.9
2024-05-09T12:44:27.277033 33.3 83.8 79.2 31.9
2024-05-09T12:44:28.278172 30.4 84.0 79.3 33.1
2024-05-09T12:44:29.279502 16.0 50.9 49.6 18.1
2024-05-09T12:44:30.280778 0.0 0.0 0.0 0.0
2024-05-09T12:44:31.282120 25.5 54.3 57.4 18.3
2024-05-09T12:44:32.283692 36.0 80.6 86.7 31.0
2024-05-09T12:44:33.285113 39.7 78.2 84.7 33.1
2024-05-09T12:44:34.286151 37.7 81.1 86.7 32.5
2024-05-09T12:44:35.287616 37.7 79.2 85.2 24.3
2024-05-09T12:44:36.288195 14.3 32.4 34.3 9.8
2024-05-09T12:44:37.289490 0.0 0.0 0.0 0.0
2024-05-09T12:44:38.290195 31.9 72.6 69.0 26.9
2024-05-09T12:44:39.291477 30.8 87.5 83.9 29.2
2024-05-09T12:44:40.292874 36.2 87.5 83.3 32.4
2024-05-09T12:44:41.294208 38.1 88.6 84.6 36.5
2024-05-09T12:44:42.295743 39.7 87.5 84.3 28.6
2024-05-09T12:44:43.297088 8.7 17.6 17.3 7.8
2024-05-09T12:44:44.298523 1.0 3.9 2.0 2.0
2024-05-09T12:44:45.299671 33.0 94.2 86.0 30.3
2024-05-09T12:44:46.301124 42.7 97.1 89.1 27.6
2024-05-09T12:44:47.302104 35.2 94.3 87.6 27.4
2024-05-09T12:44:48.303615 43.3 95.2 87.5 17.9
2024-05-09T12:44:49.304972 37.7 90.5 85.1 26.4
2024-05-09T12:44:50.306290 0.0 0.0 0.0 0.0
2024-05-09T12:44:51.307827 5.1 21.6 20.4 7.9
2024-05-09T12:44:52.308536 33.3 93.3 84.6 33.3
2024-05-09T12:44:53.310025 37.4 98.0 90.8 36.9
2024-05-09T12:44:54.311563 33.3 99.0 90.1 33.7
2024-05-09T12:44:55.312989 33.3 97.1 89.2 35.8
2024-05-09T12:44:56.314314 30.1 76.0 70.0 28.7
2024-05-09T12:44:57.315584 1.0 0.0 0.0 0.0
2024-05-09T12:44:58.316975 19.0 39.4 43.3 12.7
2024-05-09T12:44:59.318058 43.2 91.0 98.0 28.2
2024-05-09T12:45:00.319580 44.4 90.0 96.2 27.9
2024-05-09T12:45:01.320935 41.8 90.1 96.1 29.1
2024-05-09T12:45:02.322503 44.0 90.9 97.1 24.5
2024-05-09T12:45:03.323824 23.3 54.8 57.0 21.5
2024-05-09T12:45:04.325149 1.0 0.0 0.0 0.0
2024-05-09T12:45:05.326124 18.6 61.4 62.0 15.7
2024-05-09T12:45:06.327586 28.8 99.0 100.0 19.1
2024-05-09T12:45:07.329153 26.3 99.0 100.0 26.0
2024-05-09T12:45:08.330311 34.8 99.0 100.0 25.7
2024-05-09T12:45:09.331812 31.1 99.0 100.0 26.7
2024-05-09T12:45:10.333151 15.9 38.6 38.0 9.0
2024-05-09T12:45:11.334455 0.0 0.0 0.0 1.0
2024-05-09T12:45:12.335961 29.6 79.2 81.0 18.8
2024-05-09T12:45:13.337480 40.5 98.0 100.0 28.2
2024-05-09T12:45:14.338155 33.7 100.0 100.0 32.1
2024-05-09T12:45:15.339661 34.9 99.0 100.0 32.4
2024-05-09T12:45:16.341104 34.6 99.0 100.0 33.9
2024-05-09T12:45:17.341923 8.8 17.3 19.8 4.1
2024-05-09T12:45:18.343229 1.0 0.0 0.0 1.0
2024-05-09T12:45:19.344596 0.0 0.0 0.0 0.0
2024-05-09T12:45:20.345905 0.0 0.0 0.0 1.0
