Random waveform, random seed
Total number of intervals = 100 (73632, 63743, 22794, 7197, 68561, 47361, 10933, 62155, 34337, 94199, 98577, 51198, 80694, 95230, 47771, 67382, 93435, 96972, 61885, 41017, 70312, 31066, 40261, 8860, 87264, 23886, 27406, 80203, 8102, 79858, 7970, 56712, 28206, 50132, 29228, 17416, 54504, 72777, 40456, 51254, 80105, 69736, 38700, 90260, 23453, 51791, 71878, 25122, 77264, 13191, 17396, 11019, 92784, 69132, 50852, 64544, 86324, 90708, 45750, 5403, 39867, 36883, 52537, 78897, 7287, 63877, 93244, 15703, 61364, 33300, 54943, 33504, 67466, 79216, 40110, 33148, 63986, 17896, 44762, 29722, 53598, 48224, 74556, 11965, 36668, 37381, 46253, 8828, 39131, 12555, 59678, 14510, 49808, 89125, 42266, 66815, 63316, 63786, 81934, 28930)
Average QPS expected = 50373
Timestamp start: 1715276523768
Timestamp end: 1715277524264

#type       avg     std     min      p5     p10     p50     p67     p75     p80     p85     p90     p95     p99    p999   p9999      QPS   target
read      345.6   251.2   137.8   184.6   197.8   316.4   382.0   419.0   446.1   478.9   523.9   599.8   775.5  1121.2  8185.1  73576.5    73632
read      352.6   230.5   137.8   185.9   199.3   322.6   390.9   428.9   457.1   491.2   537.8   618.7   794.5  1179.0  9524.6  63591.0    63743
read      358.7   276.2   137.8   186.9   199.3   328.6   401.7   438.4   463.5   492.7   529.6   589.9   807.0  2695.2 10069.1  22841.9    22794
read      349.7   568.5   148.8   198.3   215.9   315.8   347.8   367.4   382.2   400.5   426.9   469.1   663.1  8115.8 29074.8   7196.7     7197
read      366.4   295.5   137.8   187.4   200.6   325.7   397.3   438.5   469.7   509.1   565.4   659.0   896.3  2538.9 11553.9  68457.4    68561
read      390.9   382.7   137.8   186.8   200.0   332.7   408.6   452.6   486.2   529.2   590.4   718.6  1457.0  3796.8 12205.6  47227.1    47361
read      423.0   639.2   148.8   188.5   204.7   363.2   438.4   481.2   509.8   541.5   580.6   640.7  1818.9  7647.2 30123.0  10976.7    10933
read      375.9   365.7   137.8   187.9   200.9   330.7   406.3   449.2   481.0   521.2   576.1   667.5   975.5  2838.1 14493.6  62096.5    62155
read      408.8   489.6   137.8   188.7   202.2   333.8   415.9   465.7   504.9   555.3   636.9   892.2  1312.5  3995.8 25517.2  34261.4    34337
read      354.6   272.1   137.8   190.2   204.6   321.2   384.1   421.5   449.8   485.1   533.8   612.5   794.9  1935.8  9922.5  94149.2    94199
read      351.9   220.9   137.8   190.2   205.2   322.2   384.1   421.4   449.6   484.2   531.4   605.8   768.4  1189.3  7988.9  98481.9    98577
read      361.2   258.2   137.8   189.8   203.4   332.0   400.8   439.1   467.3   502.4   549.4   629.7   790.0  1333.9  9805.6  51192.9    51198
read      357.5   216.0   137.8   189.1   203.3   324.0   393.2   433.0   463.2   500.7   549.2   631.3   804.0  1175.4  8111.3  80786.4    80694
read      403.6   271.4   137.8   196.4   214.8   359.6   437.3   485.2   523.0   572.5   641.0   762.4  1010.0  1350.6 10065.9  95145.4    95230
read      401.9   388.6   137.8   190.4   204.3   340.9   420.9   466.7   502.0   547.0   617.3   750.3  1492.4  3446.3 12945.6  47884.6    47771
read      375.9   310.1   137.8   190.8   205.2   334.9   410.2   454.6   487.2   527.7   583.3   675.3   880.7  2273.0 12555.8  67386.4    67382
read      373.0   303.2   137.8   192.2   208.1   335.3   405.1   447.2   478.2   516.7   568.6   650.6   856.2  2308.5 10588.1  93419.5    93435
read      406.1   288.4   137.8   196.8   215.7   360.3   438.4   486.4   523.0   569.3   633.2   747.1  1028.1  2847.0  9435.1  96830.3    96972
read      382.0   249.7   137.8   190.4   204.9   342.4   422.3   466.2   499.7   540.9   597.2   690.8   909.6  2277.8  9271.7  61784.7    61885
read      429.3   436.2   137.8   189.4   203.7   349.5   433.4   485.5   528.1   585.9   681.2   968.0  1572.0  4610.7 14883.6  40950.9    41017
read      385.0   254.1   137.8   190.8   205.6   342.3   423.0   468.6   503.6   546.4   606.2   700.2   936.2  2497.7  8165.9  70342.9    70312
read      497.2   470.8   137.8   191.7   207.3   358.3   489.5   595.8   719.0   873.8  1021.4  1180.7  1514.0  4547.8 14307.3  31073.9    31066
read      429.6   519.9   137.8   189.5   203.5   345.3   427.9   478.6   519.8   577.6   673.5   980.6  1561.6  4866.8 28300.1  40272.0    40261
read      413.4   669.5   148.8   197.0   215.6   357.7   422.9   460.3   486.9   517.1   554.3   616.8  1431.2  8252.7 30960.1   8843.0     8860
read      386.6   315.0   137.8   192.4   208.4   343.2   419.6   463.9   497.6   539.0   593.4   683.3   927.5  3185.2  9791.3  87196.6    87264
read      395.6   489.5   137.8   190.1   203.7   341.4   420.7   461.9   492.6   531.9   592.5   745.9  1126.4  3955.2 28640.4  23915.7    23886
read      489.9   748.6   148.8   193.1   208.2   362.1   478.3   558.3   632.9   761.5   913.5  1084.6  1569.5  8233.2 31575.2  27393.2    27406
read      372.2   454.0   137.8   188.9   203.0   324.1   391.4   431.3   461.9   499.6   550.9   640.2   913.5  5629.1 17435.7  80242.3    80203
read      434.2  1092.6   148.8   195.2   213.0   340.3   398.7   432.4   456.9   484.9   520.0   580.9  2170.3 16024.4 35630.9   8102.0     8102
read      390.7   392.4   137.8   191.7   207.0   336.2   412.5   458.1   492.3   534.1   591.0   689.7  1344.5  3793.0 16031.6  79781.8    79858
read      423.0   921.7   148.8   194.8   212.9   349.3   409.5   441.1   464.1   490.3   522.6   578.5  1955.1 12466.2 32214.4   7958.0     7970
read      380.6   385.7   137.8   190.3   204.0   335.3   412.3   455.6   487.9   528.0   582.8   674.9   989.2  3064.1 20338.4  56725.6    56712
read      503.1   697.8   137.8   189.7   204.3   363.3   500.8   604.5   715.6   839.1   958.1  1100.9  1584.7  9678.6 30227.5  28159.7    28206
read      394.1   394.5   137.8   189.1   202.7   338.9   418.5   462.4   496.2   538.5   600.4   709.9  1416.7  3756.4 12431.6  50036.8    50132
read      489.5   530.5   137.8   189.2   203.7   358.2   497.1   600.6   717.6   840.4   958.1  1104.5  1491.5  4366.4 23748.3  29178.4    29228
read      476.1   730.5   148.8   188.8   202.8   393.7   496.0   567.2   623.6   684.5   756.1   858.7  1557.0  8719.7 31658.2  17425.1    17416
read      380.8   331.5   137.8   188.5   202.0   337.2   416.0   459.7   492.2   532.3   587.7   681.2  1010.3  2709.7 12172.4  54439.6    54504
read      378.9   356.5   137.8   188.6   202.5   333.0   411.0   455.6   489.2   530.6   585.6   680.0   926.9  2888.8 13597.9  72699.6    72777
read      448.2   544.9   137.8   189.8   204.0   346.8   435.5   491.9   538.5   606.9   735.5  1107.5  1732.2  4907.0 29088.8  40501.4    40456
read      384.3   406.3   137.8   189.1   202.8   341.3   421.4   464.2   496.7   536.6   591.4   683.0   936.2  2599.6 20387.3  51214.3    51254
read      373.3   328.9   137.8   189.7   203.8   331.0   404.5   448.4   480.3   520.2   573.9   659.8   868.9  2895.9 12916.2  79997.4    80105
read      377.0   294.0   137.8   189.4   203.1   333.9   411.3   455.7   488.5   529.0   583.8   676.0   917.5  2840.6 10373.4  69532.4    69736
read      456.7   590.8   137.8   189.2   203.3   347.8   437.3   496.2   544.9   618.0   764.4  1129.0  1781.3  6227.2 30146.6  38685.8    38700
read      379.7   334.0   137.8   192.1   207.7   335.8   408.2   452.3   484.9   525.0   578.4   663.5   909.5  3461.5 10567.8  90335.9    90260
read      463.0   547.5   137.8   191.3   205.4   364.2   471.1   541.0   609.9   711.1   827.5   968.6  1468.4  6365.9 22329.2  23453.0    23453
read      391.4   420.0   137.8   189.8   203.6   334.9   411.3   455.6   489.5   532.4   592.2   699.0  1362.4  4118.1 22401.1  51700.0    51791
read      367.3   360.0   137.8   189.5   203.1   324.0   394.9   436.1   468.0   506.6   558.8   640.1   860.5  3083.7 14733.2  71892.1    71878
read      494.9   704.6   148.8   190.0   204.0   372.8   511.5   619.0   712.8   803.2   895.5  1017.5  1516.3  7339.1 30698.7  25123.9    25122
read      386.7   415.8   137.8   191.7   206.8   332.3   405.9   450.4   483.4   524.6   581.3   680.3  1355.5  3776.9 24320.6  77050.4    77264
read      458.6   776.1   148.8   190.0   205.9   384.3   469.3   522.1   558.4   598.1   645.4   728.5  2019.7 10720.9 31708.3  13144.4    13191
read      481.0   735.3   137.8   188.8   202.9   401.5   505.0   576.5   626.9   682.6   746.0   844.7  1639.7 10191.2 30757.1  17403.5    17396
read      434.5   673.4   148.8   190.6   207.5   372.0   450.7   493.4   521.9   552.7   591.0   655.9  1872.3  8345.0 29987.2  11088.4    11019
read      383.4   381.0   137.8   190.3   205.6   331.9   402.9   445.7   477.9   518.3   574.2   672.2  1171.7  4459.9 14982.7  92697.3    92784
read      372.3   316.1   137.8   187.7   201.2   328.5   404.2   448.7   481.3   522.1   577.6   668.9   908.2  2676.8 10441.0  69165.9    69132
read      375.2   291.7   137.8   185.9   198.9   331.6   408.2   451.7   483.8   524.1   580.4   675.3  1101.1  2503.0  9512.5  50774.7    50852
read      368.2   284.7   137.8   186.4   199.5   326.1   401.2   443.7   474.6   513.8   567.7   654.0   889.0  3062.9 10472.2  64648.2    64544
read      374.7   345.6   137.8   188.1   202.6   329.4   401.7   444.9   477.5   518.7   574.6   667.1   957.9  2858.6 10963.7  86275.1    86324
read      373.7   300.1   137.8   189.3   204.0   329.9   401.0   443.4   474.5   514.2   569.1   659.7   956.5  2955.1 10384.6  90754.0    90708
read      437.3   584.8   137.8   187.7   201.6   339.5   424.3   477.3   522.0   584.3   688.5  1046.6  1705.0  5419.9 29398.5  45708.4    45750
read      410.9  1044.3   148.8   199.1   223.9   322.7   362.3   385.0   401.2   422.1   448.8   497.4  2220.3 13425.5 32335.9   5406.7     5403
read      438.4   561.7   137.8   186.5   200.2   339.2   427.2   481.9   529.2   596.9   726.3  1076.0  1630.5  4560.8 29356.8  39876.5    39867
read      458.6   630.5   137.8   187.9   201.8   336.6   432.7   499.8   558.5   656.0   865.7  1115.4  1690.3  6152.3 30133.6  36830.2    36883
read      370.4   313.0   137.8   189.1   202.1   332.9   405.1   446.0   476.1   514.0   566.7   647.4   844.4  2663.7 11000.4  52591.8    52537
read      370.6   321.7   137.8   189.7   204.0   327.1   399.4   443.1   475.2   515.1   570.0   656.9   869.1  3170.2  9741.9  79114.0    78897
read      407.9   870.2   148.8   191.9   209.9   333.4   386.8   416.1   435.8   460.3   490.6   539.9  2007.8 11996.4 32036.7   7225.9     7287
read      375.7   393.6   137.8   189.5   203.2   327.6   400.3   443.0   474.7   514.8   570.6   662.1  1067.0  3080.5 18134.9  63795.5    63877
read      383.8   360.6   137.8   191.6   207.6   336.6   408.7   452.4   485.4   527.3   584.4   680.4  1045.7  2799.3 14409.4  93212.3    93244
read      449.5   739.8   137.8   189.7   203.7   378.2   458.7   510.0   557.9   619.1   692.3   797.4  1425.7  8485.0 31831.0  15768.8    15703
read      417.2   602.1   148.8   192.7   208.0   345.9   428.6   474.8   510.9   557.1   622.8   738.4  1532.3  7204.1 30312.0  61383.6    61364
read      503.6   927.2   137.8   190.6   205.2   350.2   449.6   516.9   577.5   671.9   884.0  1160.4  2345.5 11425.6 32472.8  33260.3    33300
read      383.8   334.7   137.8   190.4   204.5   342.2   422.6   466.0   498.6   538.3   592.3   683.7   923.7  2804.7 10194.2  54851.6    54943
read      465.3   675.7   137.8   189.8   204.1   345.6   441.3   503.6   556.3   638.7   827.4  1109.3  1718.4  7640.1 30157.3  33473.3    33504
read      351.3   297.2   137.8   185.0   198.4   319.3   387.5   425.5   453.4   487.4   534.0   613.6   786.2  1182.4 10766.3  67491.1    67466
read      349.3   265.6   137.8   184.8   198.4   319.0   385.3   422.9   450.7   484.2   530.5   607.4   773.1  1092.0 10536.4  79272.6    79216
read      357.2   372.6   137.8   185.2   198.1   326.6   396.3   435.2   462.7   495.5   538.6   610.3   765.4  1825.4 22596.3  40219.3    40110
read      351.4   307.7   137.8   184.8   197.6   321.0   391.1   429.2   455.9   486.3   526.0   590.2   742.0  2054.4 12559.9  33232.3    33148
read      350.4   349.4   137.8   184.2   197.4   319.4   386.1   423.4   451.2   484.7   530.2   605.3   766.6  1134.6 23854.7  64058.2    63986
read      361.7   643.6   137.8   192.8   206.9   334.2   396.4   425.0   443.8   464.1   490.5   530.8   642.0  4050.9 30028.4  17864.5    17896
read      360.0   404.3   137.8   185.2   198.3   327.0   397.3   436.5   465.6   500.2   545.0   621.5   786.4  1528.0 28550.9  44747.3    44762
read      359.1   394.0   137.8   187.6   201.0   328.3   400.3   438.1   463.6   492.9   530.4   591.7   747.2  1976.6 24550.8  29651.9    29722
read      360.8   457.3   137.8   188.9   202.6   327.8   393.6   430.2   457.6   490.8   536.0   614.4   781.6  1953.2 29021.4  53590.5    53598
read      354.6   353.3   137.8   188.5   201.7   326.5   390.9   426.8   453.7   486.2   530.8   604.1   754.4  1302.7 23765.9  48158.5    48224
read      345.2   248.4   137.8   186.7   200.0   317.0   381.1   417.5   444.3   476.6   521.5   592.8   750.8  1036.2  8257.9  74629.1    74556
read      346.7   693.2   137.8   193.1   206.5   321.8   361.7   381.4   395.1   410.8   431.0   463.3   555.4  7552.9 30370.6  11939.2    11965
read      349.6   351.0   137.8   186.5   198.9   320.0   385.9   423.2   449.6   480.0   520.3   584.5   735.3  1918.8 16696.0  36672.9    36668
read      360.5   454.5   137.8   187.2   199.6   326.2   396.0   434.3   462.0   494.7   537.5   609.4   775.0  2004.3 29020.2  37520.1    37381
read      360.3   405.5   127.6   186.4   199.1   326.2   396.1   434.9   463.4   497.6   543.6   624.9   795.1  1902.2 28327.7  46247.6    46253
read      356.3   857.2   148.8   198.0   213.3   320.5   352.5   369.0   381.4   396.1   415.8   449.3   578.2 12337.5 31559.2   8806.7     8828
read      358.8   433.2   137.8   185.1   197.9   325.0   394.6   433.5   461.9   495.2   538.9   613.2   781.1  1923.8 28898.2  39092.5    39131
read      355.1   815.8   148.8   193.0   206.7   327.1   369.5   390.5   403.8   421.7   441.7   472.2   577.8  6431.7 31536.2  12561.4    12555
read      351.7   360.7   137.8   184.8   198.1   321.3   388.1   425.1   452.7   486.0   531.5   607.4   771.6  1161.2 25091.5  59802.7    59678
read      346.4   698.1   137.8   188.6   200.9   323.3   370.8   393.2   407.9   425.5   446.7   478.0   570.4  6794.8 30425.3  14583.5    14510
read      356.4   419.6   137.8   184.4   197.4   323.7   391.3   429.3   457.4   491.2   536.8   613.6   779.4  1499.9 28612.1  49730.2    49808
read      347.8   362.8   137.8   185.5   199.3   316.8   380.6   417.3   444.9   478.2   523.4   595.8   754.3  1069.4 24558.9  89222.6    89125
read      351.6   463.8   137.8   183.3   196.0   318.3   385.3   423.3   450.4   481.8   524.2   591.9   748.6  1660.1 29068.4  42298.0    42266
read      348.1   345.6   137.8   184.3   197.6   318.1   384.1   420.9   448.0   480.6   525.2   598.4   765.3  1083.8 24910.8  66848.5    66815
read      354.5   357.7   137.8   184.9   198.3   322.6   391.0   429.2   457.3   491.1   537.1   615.3   788.4  1219.9 24801.9  63190.2    63316
read      356.0   409.8   127.6   185.4   198.7   321.8   389.7   427.5   455.7   490.0   537.1   619.1   793.2  1264.8 28289.9  63908.4    63786
read      347.9   298.7   137.8   188.4   202.0   317.9   382.1   419.2   446.7   479.8   525.4   597.9   753.5  1061.8 10140.1  82080.5    81934
read      362.9   603.2   137.8   189.4   203.0   323.3   394.8   432.5   458.7   488.5   525.9   585.7   723.9  2578.6 30306.1  28938.2    28930

Total QPS = 50363.2 (50363192 / 1000.0s)

Total connections = 64
Misses = 0 (0.0%)
Skipped TXs = 0 (0.0%)

RX 12439708177 bytes :   11.9 MB/s
TX          0 bytes :    0.0 MB/s
Warning! Detected max cpu usage > 95%
CPU Usage Stats (avg/min/max): 99.96%,49.49%,100.00%
