Random waveform, supplied seed
Total number of intervals = 450 (7434, 67201, 85927, 63953, 31595, 87879, 7287, 62295, 6561, 22532, 60653, 59076, 60154, 22964, 8172, 27652, 37594, 24367, 33771, 84944, 85666, 51918, 34406, 28664, 38289, 20658, 13840, 93419, 98284, 71313, 42089, 46458, 30755, 42889, 93552, 65694, 29574, 51355, 67361, 16287, 81508, 87619, 99068, 51267, 11822, 97494, 97350, 55460, 85984, 82043, 52873, 13911, 49984, 9274, 27187, 18735, 86505, 93039, 75999, 32324, 84255, 81759, 37291, 53818, 30297, 31569, 38927, 10652, 98119, 48176, 34929, 69735, 20753, 84642, 42333, 61587, 77998, 97625, 23781, 66723, 31016, 47394, 95335, 5252, 65908, 16889, 42912, 99898, 26385, 22616, 50605, 90283, 26273, 48521, 34058, 75648, 19482, 15054, 75754, 5187, 17656, 96343, 36665, 85269, 31525, 61798, 12253, 25710, 79937, 7271, 85861, 91467, 72217, 31080, 76878, 84584, 12492, 57106, 96245, 6791, 90728, 5151, 82969, 42635, 99337, 95192, 69200, 49459, 29055, 64324, 5705, 84816, 23714, 74116, 19948, 44213, 19454, 7190, 47657, 44399, 6481, 5807, 83137, 9580, 37385, 33706, 35204, 50438, 48878, 42682, 27416, 64424, 64364, 5481, 26227, 26586, 86286, 24452, 26832, 29795, 46224, 84587, 63389, 46953, 90536, 12508, 38491, 97806, 11813, 39665, 53571, 63215, 78767, 8615, 67903, 16398, 53434, 38068, 9130, 69227, 37496, 83925, 51037, 33690, 51474, 73708, 98618, 81977, 91567, 48236, 91726, 52458, 70467, 71151, 65016, 42057, 78821, 60720, 39911, 10628, 73736, 7334, 91868, 76670, 10405, 26019, 55530, 29615, 66057, 55281, 21177, 88239, 70227, 23421, 97104, 6235, 58045, 23729, 40897, 53312, 87262, 81836, 92274, 47252, 75747, 80994, 98224, 7737, 37514, 10640, 90490, 92514, 89245, 73823, 46565, 21419, 66915, 31667, 72255, 99535, 9226, 67844, 71413, 97328, 55113, 53743, 15253, 90605, 25767, 93458, 95080, 88399, 95681, 33003, 98809, 64610, 51183, 20194, 7602, 46677, 5577, 23035, 57516, 62851, 38431, 25729, 19443, 19461, 42341, 5691, 40223, 29941, 41162, 43863, 20318, 93421, 48578, 40595, 17677, 78948, 9703, 9686, 7968, 15830, 8192, 79410, 76582, 54634, 72177, 15101, 8167, 44130, 53047, 97171, 81360, 77277, 38294, 11165, 74155, 12255, 52404, 17057, 6005, 85707, 79742, 58322, 26212, 69487, 29507, 51412, 67374, 55125, 53048, 12192, 36138, 60799, 36368, 39729, 95693, 40999, 65037, 12633, 50117, 62765, 12379, 49369, 39111, 52692, 24539, 61591, 47864, 16479, 75268, 8714, 13002, 77147, 43518, 27206, 55859, 37448, 45026, 99974, 64632, 49061, 80418, 16471, 35694, 13935, 79838, 48842, 17708, 31401, 62091, 87121, 81929, 42013, 90709, 67578, 58116, 68886, 93119, 95079, 77456, 15723, 9867, 8176, 89745, 11058, 81413, 21659, 27181, 17420, 23028, 33694, 32735, 57645, 45216, 57659, 85443, 14390, 31520, 67089, 16537, 18930, 46784, 93102, 89799, 66551, 93104, 43768, 54006, 64618, 86482, 77459, 61365, 52346, 87286, 17384, 98165, 63330, 5866, 37693, 75360, 34753, 59823, 68266, 39383, 65072, 33192, 51847, 62362, 84073, 64213, 27059, 54703, 98366, 29565, 75000, 62235, 47788, 68928, 36478, 76067, 47020, 81656, 16396, 21661, 50156, 54102, 65670, 17584, 30347, 21534, 10216, 80544, 45508, 21591, 15435, 14502, 16369, 42077, 38334, 17694, 75056, 53845, 13319, 77808, 44423, 25669, 66463)
Average QPS expected = 50157
Timestamp start: 1715520997989
Timestamp end: 1715521898755

#type       avg     std     min      p5     p10     p50     p67     p75     p80     p85     p90     p95     p99    p999   p9999      QPS   target
read      352.4   459.2   160.7   211.3   229.0   325.7   356.1   371.4   383.8   397.7   418.3   454.8   744.0  7732.7 19775.8   7371.0     7434
read      374.8   178.9   148.8   203.2   217.2   341.5   411.9   454.0   486.3   524.7   573.5   650.6   836.6  1710.1  5827.2  66752.0    67201
read      362.2   179.1   148.8   202.6   216.2   333.2   398.1   435.3   463.1   495.9   538.8   607.1   771.1  1552.2  5523.3  85781.0    85927
read      360.8   155.2   148.8   198.9   212.8   332.4   398.8   438.0   468.1   503.4   548.3   618.5   761.4  1248.4  3890.4  64011.0    63953
read      360.5   217.1   148.8   195.5   208.7   320.9   402.8   451.9   484.4   517.0   551.7   603.7   729.2  1346.0  8031.1  31654.5    31595
read      358.7   198.1   148.8   200.5   214.5   328.4   391.6   429.7   458.5   493.2   537.9   608.3   793.1  1472.2  3987.3  87585.5    87879
read      324.8   300.7   160.7   204.8   221.4   312.6   339.2   353.2   363.4   373.6   391.8   419.8   536.8  4032.0 17953.2   7287.0     7287
read      367.7   247.9   148.8   200.5   214.4   334.2   401.2   441.2   471.8   509.5   557.2   630.8   818.2  1492.5 10917.0  61905.0    62295
read      346.9   408.7   160.7   205.4   222.8   314.1   344.6   362.3   373.7   391.7   416.0   466.6   936.8  6828.6 14698.0   6644.5     6561
read      379.0   220.8   148.8   197.9   210.8   338.6   422.2   464.6   492.8   525.7   572.4   687.9   971.7  1908.6  5870.6  22525.0    22532
read      377.2   250.3   148.8   197.9   212.0   339.6   408.1   449.9   481.3   519.5   569.5   646.7   901.9  2852.0  8128.3  60627.5    60653
read      370.7   197.5   148.8   200.5   214.2   341.4   406.4   446.8   477.3   515.5   565.2   634.5   783.9  1480.2  8167.7  58903.0    59076
read      375.5   290.4   148.8   199.0   212.9   336.9   404.5   446.7   478.5   517.8   570.5   647.1   877.1  2465.4 11495.3  60235.0    60154
read      370.7   251.2   148.8   196.4   209.6   334.6   419.1   461.4   487.8   515.7   549.4   615.8   919.6  1474.3  8048.3  23015.0    22964
read      352.6   479.2   148.8   203.5   220.1   328.2   362.1   380.2   392.6   405.2   427.6   463.8   611.7  8710.2 15886.4   8184.5     8172
read      369.9   237.4   148.8   194.7   208.0   327.5   408.9   456.5   486.6   519.2   558.0   621.7   988.3  1802.1  9285.4  27400.0    27652
read      370.8   200.3   148.8   194.3   208.0   327.9   401.3   451.6   488.4   528.4   574.4   640.7  1059.9  1720.0  6214.9  37860.5    37594
read      367.5   408.1   148.8   194.7   207.6   321.7   402.2   446.1   473.9   503.2   538.6   591.7   962.7  4076.1 19776.2  24479.5    24367
read      378.4   219.1   148.8   198.5   212.4   334.8   411.0   460.9   495.9   534.1   580.6   653.9  1049.7  1830.2  7903.3  33693.0    33771
read      376.4   252.9   148.8   201.9   216.4   335.7   403.5   445.3   475.3   512.3   560.9   635.1   934.9  3072.0  8013.6  84372.5    84944
read      363.7   170.7   148.8   201.9   215.8   333.4   398.9   438.0   467.3   502.3   547.2   623.3   795.0  1393.9  4544.3  85822.0    85666
read      360.5   204.2   148.8   195.7   209.2   328.1   392.6   433.1   466.9   507.4   556.7   624.6   778.9  1532.5  7154.8  51832.5    51918
read      376.9   236.2   148.8   195.7   209.4   330.8   407.1   458.0   493.2   531.7   577.8   649.8  1086.9  2877.8  7553.6  34425.5    34406
read      372.7   252.1   148.8   196.0   209.6   327.4   409.8   459.4   491.5   525.8   566.5   629.7   986.5  2013.2 10348.9  28831.0    28664
read      378.0   340.0   148.8   195.3   209.0   327.8   400.3   450.0   486.6   526.5   574.9   648.1  1086.1  4605.4 16352.1  38113.0    38289
read      368.4   279.5   148.8   195.6   208.2   333.6   413.8   451.8   476.3   501.8   533.6   586.5   884.6  4095.5 12397.3  20838.5    20658
read      350.0   166.0   148.8   195.4   208.2   339.3   396.2   422.2   439.1   459.4   484.6   529.1   745.7  1711.2  5029.1  13947.0    13840
read      385.4   351.0   148.8   204.8   220.6   343.4   408.8   448.0   477.4   512.6   561.5   642.6   972.5  4388.0  7176.9  92873.5    93419
read      363.4   163.3   148.8   205.7   221.5   340.0   399.1   433.1   459.0   490.0   530.7   593.1   740.8  1475.2  4624.7  98537.0    98284
read      363.0   173.2   148.8   201.0   215.0   336.1   401.6   439.7   468.7   503.4   546.5   613.6   750.1  1184.1  6935.4  71237.0    71313
read      373.4   230.5   148.8   201.0   214.5   335.2   406.3   453.4   487.3   524.6   569.3   633.5   824.2  2544.7  7928.1  42000.5    42089
read      383.1   354.9   148.8   199.4   213.7   336.0   405.5   451.1   485.7   525.2   572.9   645.2   976.7  4097.6 11019.9  46300.5    46458
read      375.5   240.4   148.8   201.5   215.2   335.9   417.6   465.2   496.1   529.0   568.6   628.5   796.4  3298.4  9295.3  30636.5    30755
read      380.0   313.9   148.8   201.4   215.1   339.2   410.7   456.0   489.1   526.1   571.0   640.5   842.0  4248.2 12349.3  42765.5    42889
read      373.3   175.2   148.8   207.0   223.1   345.0   407.2   445.7   473.2   507.2   551.1   625.1   815.0  1719.8  6128.1  93479.5    93552
read      367.8   192.2   148.8   201.2   214.8   337.3   403.2   444.7   475.2   512.4   559.6   632.2   804.8  1327.3  5614.2  65779.5    65694
read      372.2   195.7   148.8   202.5   216.1   341.8   419.2   463.0   492.3   524.2   561.5   617.9   749.8  1365.2  8161.7  29306.5    29574
read      371.9   190.0   148.8   200.9   215.1   337.4   407.7   452.8   486.6   525.7   573.9   642.6   821.2  1416.3  5962.8  51556.5    51355
read      370.7   215.4   148.8   200.5   214.3   340.3   408.3   449.1   478.6   513.6   558.4   632.7   808.6  1536.4  8110.2  67402.5    67361
read      358.5   235.3   160.7   204.7   217.9   350.5   409.8   437.6   456.6   476.7   501.7   539.7   634.4   931.6  7683.1  16346.5    16287
read      377.4   171.6   148.8   205.2   220.3   345.1   413.0   454.0   484.9   522.7   571.5   650.6   856.3  1753.2  4059.8  81179.0    81508
read      367.5   153.9   148.8   205.6   220.7   340.8   405.0   443.3   470.6   504.2   546.9   618.2   784.2  1158.7  3921.0  87470.0    87619
read      392.4   175.7   148.8   216.4   234.5   364.3   429.9   469.2   498.5   533.7   580.6   656.4   836.7  1455.7  6624.0  98970.5    99068
read      379.4   192.3   148.8   203.5   217.6   349.0   419.8   462.3   495.0   533.1   580.9   655.1   836.1  1375.1  7641.8  51498.0    51267
read      356.6   246.1   160.7   207.3   221.8   351.0   396.3   418.3   432.6   450.4   469.7   503.0   590.5  2788.7 12477.0  11880.5    11822
read      405.1   211.2   148.8   214.7   232.5   368.1   437.0   479.3   510.4   549.7   608.5   712.2  1033.8  1603.0  8083.9  97290.0    97494
read      375.5   186.9   148.8   210.2   226.4   347.3   409.8   448.4   476.5   510.5   555.6   624.6   789.3  1448.1  8851.9  97373.5    97350
read      378.4   214.8   148.8   202.9   216.8   345.3   415.1   458.3   491.2   529.1   576.6   651.9   839.5  2385.0  7294.2  55839.5    55460
read      361.1   205.4   148.8   201.7   215.8   330.1   392.9   429.8   458.2   492.8   537.6   606.3   776.6  2067.2  7860.3  86189.5    85984
read      374.0   180.5   148.8   205.2   219.9   341.6   410.8   451.7   481.9   518.9   567.3   642.2   825.7  1548.6  4702.5  81987.0    82043
read      371.7   166.5   148.8   202.4   215.8   342.0   411.9   454.5   486.0   522.6   569.0   636.2   792.5  1281.3  4270.4  52795.0    52873
read      357.6   221.8   160.7   203.4   216.0   350.7   403.8   429.2   446.2   464.3   488.6   526.5   630.9  1862.1  8859.8  14011.0    13911
read      378.3   217.0   148.8   202.9   216.7   345.1   415.5   459.3   491.5   529.5   578.0   653.6   834.2  1705.4 10342.2  50105.5    49984
read      348.9   363.8   160.7   203.4   217.3   330.2   367.9   387.2   399.6   416.5   436.4   475.7   641.9  7612.5 14019.7   9367.5     9274
read      372.9   287.6   148.8   198.7   212.1   328.5   410.9   458.5   489.2   521.9   560.4   620.3   943.6  2448.6 12487.2  27240.0    27187
read      367.6   239.1   160.7   198.6   211.0   338.3   412.0   447.4   469.9   494.9   525.7   578.8   903.1  4800.6  7395.6  18780.0    18735
read      381.7   222.6   148.8   204.2   219.6   343.6   413.1   454.7   485.5   522.5   571.9   654.8   938.0  2170.7  7517.8  85994.5    86505
read      393.6   242.8   160.7   210.5   227.5   358.9   427.8   468.5   499.6   536.7   585.8   665.3   883.0  2564.0 11396.2  92707.5    93039
read      383.8   218.1   148.8   204.6   219.6   349.4   421.2   463.0   494.3   532.3   583.6   666.7   868.7  1982.4  6925.9  76009.0    75999
read      386.8   301.1   148.8   201.7   215.5   339.7   420.7   469.8   504.2   542.7   590.2   668.4  1078.3  2017.8 15270.5  32442.0    32324
read      387.6   325.3   148.8   205.6   221.1   348.2   419.4   461.3   492.7   530.4   579.5   659.0   871.5  3602.5  8204.4  83998.0    84255
read      391.5   317.5   160.7   207.2   222.8   352.8   425.4   468.8   501.6   540.4   590.8   672.9   876.1  2053.9 11550.1  81924.5    81759
read      399.0   439.5   148.8   200.4   214.3   347.4   421.8   469.5   504.3   545.7   598.1   680.1  1118.4  4866.8 22644.1  37127.5    37291
read      389.3   237.6   148.8   203.2   216.9   350.8   424.2   467.6   500.8   541.2   594.3   678.8  1022.3  2022.9  9546.0  53962.5    53818
read      369.4   260.6   148.8   197.5   211.0   326.6   407.0   456.6   488.9   523.3   563.3   626.6   950.9  1559.2 12254.3  30372.0    30297
read      377.6   254.2   148.8   199.5   213.0   334.9   413.9   463.0   496.0   531.9   576.6   645.8   958.5  1708.6 11008.5  31577.5    31569
read      378.4   247.9   148.8   196.7   210.3   331.7   405.2   455.2   491.1   531.4   579.4   653.3  1079.4  2692.6  9520.1  38775.5    38927
read      363.2   432.7   160.7   201.7   215.2   334.7   379.5   400.3   415.8   432.5   457.1   500.6   820.5  5946.9 16099.8  10707.0    10652
read      401.9   216.1   148.8   212.2   230.5   365.4   433.1   475.6   508.4   548.5   602.5   691.5   915.5  2564.2  5530.7  97639.5    98119
read      387.0   212.3   160.7   203.9   218.0   358.0   428.6   469.2   500.8   539.3   590.6   668.0   844.9  1828.2  7147.8  48479.0    48176
read      381.6   253.3   148.8   198.7   212.2   335.8   411.3   461.1   496.4   535.8   583.0   658.0  1087.4  2170.8 11084.6  34807.0    34929
read      391.0   231.6   148.8   204.4   219.3   349.4   426.2   469.8   503.0   542.0   594.5   684.2   996.3  2708.9  7320.8  69650.5    69735
read      365.2   222.3   148.8   198.6   211.2   337.9   417.3   455.1   479.3   504.2   535.2   584.9   830.6  1393.8 10111.4  20932.0    20753
read      395.7   331.8   148.8   207.7   223.6   354.4   426.3   469.0   501.7   541.7   592.5   677.3   927.1  2831.6 10294.3  84496.5    84642
read      390.6   287.8   148.8   201.5   214.9   346.1   421.2   467.4   501.9   543.8   597.4   684.6  1107.4  2237.9 10409.6  42361.5    42333
read      380.9   188.3   160.7   203.2   217.3   347.1   416.5   458.9   491.6   531.8   586.5   670.5   874.0  1979.6  6104.1  61190.0    61587
read      383.1   209.1   148.8   205.2   220.0   348.4   422.2   465.5   497.2   534.6   584.0   665.2   850.7  1811.6  7218.7  77750.5    77998
read      399.5   216.4   148.8   216.1   234.2   366.3   433.7   475.0   506.4   544.5   594.7   675.9   872.6  1922.1  7196.2  97645.5    97625
read      367.1   225.8   148.8   196.2   209.0   329.8   414.2   457.9   484.9   513.3   546.7   601.7   920.0  1962.6  8094.0  23746.0    23781
read      382.6   246.1   148.8   200.9   215.0   341.3   413.9   457.6   490.2   529.2   580.8   664.6  1019.1  2319.8  7627.4  66976.0    66723
read      372.0   262.2   148.8   196.6   209.9   331.3   409.6   456.8   489.6   525.1   566.7   630.5   935.0  1585.5 11890.6  30773.5    31016
read      383.1   245.5   148.8   201.0   215.3   346.2   418.3   461.0   493.9   533.9   585.9   668.1   940.2  1881.7  9382.7  47363.0    47394
read      403.8   236.4   160.7   215.1   233.2   367.3   436.2   478.5   510.7   548.2   600.2   683.6   899.1  2746.7  8788.8  95069.5    95335
read      335.4   466.8   160.7   213.6   235.9   305.8   330.4   344.0   355.4   368.5   387.1   421.4   583.4  8230.3 12901.9   5290.0     5252
read      382.5   342.1   148.8   201.8   215.6   342.3   410.0   450.9   482.3   520.9   572.1   657.6   948.6  3372.7 10216.5  65240.0    65908
read      369.8   320.7   148.8   197.1   209.9   342.9   412.6   445.0   465.4   489.4   519.4   577.8   864.2  3903.7 12553.9  16891.5    16889
read      383.7   281.0   148.8   199.2   212.9   338.4   410.1   457.6   493.5   535.1   585.5   664.4  1130.7  2970.7  8948.9  42745.0    42912
read      403.8   333.9   148.8   216.1   234.6   366.6   433.3   473.7   504.7   542.6   591.8   671.0   873.2  4084.2 12124.8  99802.5    99898
read      375.2   206.7   148.8   200.5   213.8   335.3   418.6   463.6   494.2   526.6   564.6   628.5   982.8  1653.5  8056.7  26367.0    26385
read      372.9   343.0   148.8   199.6   212.4   334.6   419.4   461.2   487.1   513.8   547.7   608.7   892.6  3201.0 11731.9  22565.0    22616
read      383.8   188.8   160.7   203.2   217.4   349.5   420.7   464.2   498.0   537.6   587.1   667.6   906.3  1869.9  4723.6  50726.5    50605
read      371.3   314.7   148.8   203.8   218.7   337.4   401.8   440.7   469.1   504.3   550.2   625.4   799.2  1920.2  9282.3  90524.5    90283
read      376.9   192.6   148.8   199.0   212.2   339.8   421.8   467.7   497.4   530.8   571.7   635.9   951.7  1725.2  4703.4  26298.5    26273
read      386.5   222.2   148.8   202.0   216.1   346.3   418.0   462.0   497.1   538.1   589.9   674.5  1062.3  2155.6  7661.6  48761.5    48521
read      379.5   360.2   148.8   198.4   212.3   332.3   407.3   456.8   491.0   528.6   573.6   639.1  1054.1  3231.6 12052.2  34513.5    34058
read      378.1   195.6   148.8   203.3   217.4   342.3   413.4   455.5   486.5   524.9   576.1   658.6   886.4  1904.3  7102.1  75554.5    75648
read      367.1   202.9   160.7   199.4   211.9   343.1   416.8   452.8   476.1   501.6   534.4   589.8   836.2  1543.6  7976.9  19417.5    19482
read      361.4   242.2   160.7   201.0   212.7   345.1   406.2   434.8   454.1   474.5   502.2   547.9   797.5  1869.3  9476.8  15119.0    15054
read      390.5   230.0   148.8   204.3   219.2   348.0   423.8   467.7   500.6   540.0   593.2   683.2  1021.3  2678.8  5600.2  75195.5    75754
read      333.8   486.3   160.7   212.2   233.4   305.5   331.4   345.2   357.7   371.2   393.7   436.3   593.5  7617.6 18875.0   5365.0     5187
read      369.4   261.9   160.7   201.2   213.7   341.8   411.1   443.6   464.1   488.4   518.4   572.0   855.5  4386.9  8290.4  17676.5    17656
read      397.2   224.9   148.8   212.4   230.0   362.2   429.3   469.9   501.2   538.7   588.0   670.3   906.4  2566.0  6078.3  95994.5    96343
read      382.9   311.6   148.8   199.1   213.4   338.2   411.0   460.5   496.3   536.9   585.0   655.7  1004.4  3927.3 10008.3  36611.0    36665
read      382.3   244.3   148.8   204.9   220.3   345.1   413.0   455.1   486.1   523.5   572.9   652.6   891.3  2429.6  9415.0  85022.0    85269
read      375.4   232.6   148.8   197.4   211.5   333.5   412.0   460.5   492.9   528.6   572.0   639.8   966.1  1916.6  8112.4  31775.5    31525
read      388.1   236.9   148.8   203.5   217.3   350.7   424.2   466.7   499.2   539.6   593.3   678.6   950.3  2130.8  7863.8  61851.5    61798
read      366.1   377.5   160.7   201.0   214.5   346.5   396.5   420.1   435.2   455.2   479.3   527.7   735.3  6073.5 16964.0  12335.0    12253
read      377.2   326.0   148.8   199.7   212.9   342.4   422.7   464.8   491.7   520.4   553.5   610.3   757.2  4329.1 13814.3  25652.0    25710
read      374.9   194.7   148.8   203.2   217.3   343.3   411.5   452.3   483.4   521.7   570.7   646.5   836.9  1366.8  7812.1  79410.0    79937
read      350.9   377.6   160.7   210.1   228.7   323.1   352.1   368.3   379.9   393.9   412.2   452.8  1206.2  4835.7 12698.4   7272.0     7271
read      372.7   190.5   148.8   205.6   220.5   343.5   409.4   449.3   478.4   513.3   559.1   631.1   806.3  1300.8  5086.5  85560.5    85861
read      383.7   223.6   148.8   208.3   224.3   349.4   415.6   455.8   486.1   523.3   573.5   651.3   861.0  2088.3  4837.1  91527.5    91467
read      383.8   222.2   148.8   203.9   218.3   343.0   416.3   458.8   490.5   528.9   580.0   664.5   974.7  2356.0  8055.8  72073.5    72217
read      435.2   327.0   148.8   200.4   213.8   346.4   448.2   514.7   566.1   637.9   796.0   995.3  1269.3  3073.3  9919.2  30986.5    31080
read      411.1   360.0   160.7   206.5   221.9   354.8   430.2   473.2   504.9   544.0   600.8   709.5  1612.8  3744.3 12578.6  76762.5    76878
read      425.3   386.1   160.7   211.3   228.3   366.0   440.4   486.2   520.8   563.5   623.2   730.4  1597.1  4246.9 11688.6  84159.5    84584
read      401.0   449.7   160.7   202.3   216.2   359.1   417.1   447.6   469.3   500.8   545.1   627.7  1580.0  6726.3 14888.7  12370.0    12492
read      433.2   448.9   148.8   203.4   217.4   342.6   418.9   470.3   513.9   571.4   667.8  1006.4  1736.5  5167.6 16517.1  57155.0    57106
read      427.0   505.8   148.8   213.9   232.6   369.1   441.1   485.0   518.1   560.5   617.4   714.8  1298.7  7681.4 22788.0  96315.0    96245
read      357.2   710.7   148.8   209.5   227.2   314.0   342.2   358.2   368.9   383.0   400.7   437.2   837.4  7914.9 32093.1   6789.5     6791
read      344.7   171.8   148.8   198.6   212.6   319.4   377.8   411.6   436.6   467.6   507.3   567.4   686.3  1103.3  6968.6  90454.0    90728
read      392.2  1090.1   160.7   210.8   234.3   310.0   338.9   356.3   369.1   386.9   412.2   472.2  1963.2 13796.2 37447.1   5222.0     5151
read      428.6   401.7   148.8   203.4   218.7   347.0   419.4   462.4   496.1   538.6   605.2   853.0  1863.6  4109.9  9986.2  82297.0    82969
read      372.4   379.8   148.8   198.6   211.9   333.4   398.0   441.8   477.7   517.1   564.9   630.3   801.1  3225.2 12658.6  42689.0    42635
read      377.2   217.1   148.8   209.2   225.9   345.5   406.5   444.1   471.3   505.7   549.6   624.2   851.4  2172.6  6820.8  99331.5    99337
read      360.8   163.0   148.8   204.6   219.2   333.7   394.6   430.1   457.5   490.7   533.6   598.8   761.1  1581.6  3939.9  95279.0    95192
read      392.6   320.4   148.8   201.2   215.2   343.6   413.2   455.4   487.7   528.8   587.1   692.1  1349.2  3306.8 10228.0  69614.5    69200
read      375.9   199.1   148.8   199.4   213.1   342.9   409.7   454.0   486.9   526.0   577.4   650.7   861.0  1982.6  6989.0  49410.0    49459
read      441.0   400.4   148.8   198.4   212.2   347.9   451.5   513.9   564.4   648.1   798.1   979.2  1347.7  4180.2 16530.5  29000.0    29055
read      391.7   240.8   148.8   201.7   215.4   340.2   409.5   453.5   488.0   531.8   589.7   693.3  1462.6  2335.2  5277.9  64558.5    64324
read      350.1   565.4   160.7   205.2   227.3   311.6   343.2   364.0   379.2   399.3   427.9   470.9   890.5  5239.6 25270.8   5730.5     5705
read      412.6   319.4   148.8   206.7   223.1   357.2   429.9   473.5   506.6   548.2   608.3   721.1  1627.2  2845.4  6945.5  84092.0    84816
read      431.4   366.3   148.8   196.5   210.1   355.9   458.5   514.4   560.3   629.5   743.7   892.0  1191.2  4547.2  8532.3  23961.5    23714
read      386.2   289.5   148.8   200.2   213.9   337.2   403.7   445.1   475.5   513.5   565.9   656.2  1455.4  3470.3  8395.4  74097.0    74116
read      423.5   557.8   160.7   197.2   210.1   358.3   442.2   485.7   519.8   573.7   667.8   802.9  1075.9  6870.9 30044.8  20315.0    19948
read      395.5   248.6   148.8   200.9   214.8   344.9   417.5   464.5   502.3   546.6   606.0   716.1  1322.7  2056.9  7562.8  43899.5    44213
read      414.9   338.2   148.8   195.5   208.6   363.6   448.0   493.7   530.8   588.0   685.6   808.6  1040.9  4030.2 11686.4  19618.0    19454
read      402.2   921.9   160.7   204.3   221.8   335.7   378.3   403.6   424.2   448.0   478.9   532.9  1748.9  7915.3 41875.0   7242.5     7190
read      394.6   256.9   148.8   201.2   215.0   342.9   412.3   457.5   493.0   537.5   597.6   708.8  1398.1  2197.5  8241.0  47654.0    47657
read      378.3   211.5   148.8   201.5   214.9   346.0   413.7   457.6   490.8   529.9   579.0   648.9   855.8  1727.0  7563.3  44327.5    44399
read      362.2   410.8   160.7   204.6   222.9   325.1   364.7   388.2   404.6   429.6   459.1   505.8  1039.6  6316.3 13788.0   6559.0     6481
read      356.2   368.1   160.7   206.8   228.0   325.9   364.6   386.4   401.1   421.5   448.1   495.9   813.0  5659.0 13770.3   5865.0     5807
read      388.7   316.7   148.8   203.5   218.1   340.5   407.8   448.5   478.6   516.6   569.2   658.9  1251.4  3489.6  8110.4  82153.0    83137
read      371.5   289.9   160.7   202.3   216.1   344.7   394.9   423.9   447.5   479.8   522.9   585.2   738.6  3935.8 10697.8   9576.5     9580
read      411.4   260.7   148.8   200.9   214.6   345.2   426.8   481.9   523.1   574.1   646.9   888.7  1351.1  2279.2  4369.8  37113.0    37385
read      435.8   413.8   148.8   200.6   214.3   343.7   439.8   505.4   553.6   624.7   768.2  1009.1  1335.5  4139.6 23964.5  33934.0    33706
read      417.4   265.1   148.8   199.7   213.7   338.6   427.5   487.7   532.2   589.2   705.1   994.1  1307.9  1818.6  6183.0  35341.5    35204
read      383.4   242.1   148.8   202.2   215.4   344.7   412.9   457.1   491.2   532.7   585.6   663.8   979.5  2513.3  7972.8  50520.0    50438
read      379.5   299.5   148.8   201.8   215.6   347.7   415.8   458.1   490.4   528.9   577.1   650.9   816.3  1476.9 12752.2  49276.0    48878
read      378.9   259.5   148.8   201.2   214.7   343.3   410.7   455.2   488.9   529.0   577.9   646.7   859.8  2363.6 10370.8  42845.0    42682
read      440.4   425.0   148.8   198.6   212.6   349.3   459.7   522.7   574.3   663.1   808.8   969.7  1228.2  4236.1 19948.6  27208.0    27416
read      390.8   304.4   148.8   203.6   218.0   343.6   412.9   455.6   487.3   526.6   580.2   674.2  1384.1  2540.7 10278.9  64210.5    64424
read      380.3   229.1   148.8   203.9   217.9   344.3   412.7   453.7   484.1   521.7   572.2   649.4   921.2  2256.3  9158.6  64286.5    64364
read      420.6  1245.6   160.7   207.0   230.3   318.0   353.5   374.5   390.9   409.1   436.2   486.9  2845.9 20486.7 36903.1   5515.0     5481
read      416.0   276.4   160.7   196.1   209.6   341.5   444.8   502.9   544.9   610.5   741.8   919.6  1131.3  1727.7  8604.1  26429.5    26227
read      429.9   347.2   148.8   196.7   210.3   346.7   455.9   514.9   561.0   637.0   783.3   946.7  1182.6  3764.2  9990.7  26727.0    26586
read      374.0   297.6   148.8   202.2   216.4   334.5   399.0   436.7   465.4   500.7   547.7   624.6   925.3  3314.1  6970.5  86091.5    86286
read      422.3   551.3   148.8   198.0   211.4   344.3   435.6   484.7   519.4   565.2   651.7   847.2  1232.0  8124.4 30177.7  24610.0    24452
read      423.3   357.2   148.8   196.1   209.5   342.5   448.1   506.1   548.8   617.9   743.3   912.1  1185.5  4336.9 14550.9  26911.0    26832
read      425.1   351.9   148.8   197.2   210.7   339.2   438.2   497.9   540.9   602.0   737.6   961.2  1265.9  4219.6 10751.1  29819.5    29795
read      379.4   238.0   148.8   197.5   211.2   332.4   399.8   445.1   481.0   526.2   581.1   669.4  1223.6  2008.3  7476.0  46079.5    46224
read      365.8   173.7   148.8   202.3   216.2   333.0   398.5   437.0   466.7   502.5   547.3   624.0   847.0  1768.1  3223.0  84409.0    84587
read      387.6   310.1   148.8   202.5   216.4   350.1   423.1   465.5   497.8   536.4   586.9   665.6   871.1  2621.1  9738.2  63557.5    63389
read      368.0   245.2   148.8   198.6   211.9   335.3   400.6   443.0   476.5   516.8   564.9   629.9   797.7  1561.6 11359.4  46923.0    46953
read      366.0   524.4   148.8   204.3   219.2   336.3   398.2   435.2   464.3   499.1   543.3   614.1   783.0  1341.1  6425.1  90376.5    90536
read      413.5   766.1   160.7   196.3   210.0   354.3   416.0   449.7   475.3   511.7   562.2   637.6  1008.8  8514.2 29628.3  12636.0    12508
read      403.9   365.2   148.8   199.3   213.3   341.4   419.1   469.4   507.0   551.1   613.0   741.8  1319.8  5220.6 11578.5  38593.5    38491
read      374.8   195.1   148.8   207.7   224.0   344.3   405.8   443.1   470.5   505.2   550.3   624.6   822.6  1855.4  8088.5  97522.0    97806
read      376.8   197.4   160.7   197.6   211.2   353.8   411.2   443.5   468.8   503.3   550.2   621.9   792.7  2746.2  5485.1  11984.0    11813
read      401.2   301.9   148.8   199.2   213.1   344.9   423.1   472.2   510.3   554.9   617.3   740.7  1273.0  3770.3 10269.6  39494.0    39665
read      389.1   215.3   160.7   203.5   217.8   356.1   425.4   467.4   500.3   540.2   592.4   674.3   897.1  2028.5  6350.8  53832.0    53571
read      385.8   230.7   148.8   202.7   216.4   349.7   420.9   463.5   495.8   534.5   585.9   668.8   896.9  3007.8  6379.0  63306.5    63215
read      385.0   311.2   148.8   204.0   218.6   341.8   411.2   454.4   486.2   524.5   575.9   662.1  1007.9  2787.1 11447.3  78666.0    78767
read      366.7   378.5   160.7   198.6   213.7   334.8   377.1   399.9   419.5   444.2   479.8   539.0   905.2  5480.7 16623.5   8643.0     8615
read      377.9   264.8   148.8   199.2   212.8   330.4   393.8   431.8   462.8   502.3   554.8   648.9  1434.8  2681.7  7688.9  67469.0    67903
read      385.7   294.6   160.7   195.7   208.9   351.6   421.4   456.7   483.1   519.2   582.5   696.0   920.5  4075.6 11702.1  16450.5    16398
read      384.0   243.5   148.8   200.3   214.2   342.0   409.6   453.3   486.9   527.9   582.7   669.2  1159.2  2201.3  8404.7  53883.5    53434
read      377.3   259.8   148.8   199.2   212.6   336.2   405.3   453.8   488.8   527.3   573.8   638.5   958.1  3221.6 11387.9  37895.5    38068
read      374.4   306.0   160.7   200.9   216.2   344.8   392.9   420.2   440.5   468.1   508.8   579.9   946.0  5214.0  9926.9   9293.0     9130
read      399.2   346.8   148.8   201.6   215.8   344.8   414.2   456.1   487.8   527.5   583.9   684.9  1600.9  3771.8 10864.3  68915.0    69227
read      383.7   234.5   148.8   201.6   215.1   345.7   418.9   464.6   498.4   537.4   586.4   661.8  1006.8  1978.0  8952.0  37701.0    37496
read      380.2   262.8   148.8   204.3   219.2   340.2   410.0   452.5   483.7   520.6   570.6   650.6   863.1  3410.0  6681.0  83620.5    83925
read      384.7   235.0   148.8   202.5   216.2   352.3   420.5   462.5   495.3   535.0   587.6   668.9   891.0  1941.8  8101.3  51257.0    51037
read      409.9   300.4   148.8   197.4   211.3   335.3   424.2   482.9   525.3   579.5   678.9   928.8  1252.3  2143.9  9586.9  33770.5    33690
read      376.7   235.3   148.8   201.0   214.9   341.2   406.9   448.2   480.0   520.0   571.5   642.6   918.5  2412.2  5916.6  51487.0    51474
read      376.4   193.2   148.8   203.2   217.3   344.1   416.0   458.7   489.9   526.9   575.3   649.7   808.5  1667.8  7931.2  73624.5    73708
read      393.1   254.8   148.8   214.1   232.2   361.8   426.6   466.4   496.8   534.1   584.4   666.8   854.8  1540.7  5831.8  98812.5    98618
read      393.0   343.6   148.8   206.5   222.0   349.4   420.1   462.3   493.9   532.7   585.3   674.3   985.2  2807.3 12306.7  82284.0    81977
read      387.1   364.0   148.8   207.6   223.3   347.8   414.1   455.0   485.3   521.9   571.9   648.7   850.6  3378.5 16960.0  91707.0    91567
read      381.7   398.4   148.8   201.6   215.1   342.3   409.4   453.0   486.0   525.7   577.6   650.3   865.7  3162.1 15429.6  48487.5    48236
read      378.7   183.3   148.8   208.1   224.0   349.1   415.4   454.0   482.9   518.2   565.3   638.7   817.2  1770.1  5118.6  91923.5    91726
read      385.2   198.8   148.8   204.0   218.3   358.1   426.2   466.5   497.8   535.6   587.3   666.4   859.2  1595.8  4097.4  52223.0    52458
read      389.5   316.9   148.8   204.3   218.6   349.3   422.3   464.7   496.4   535.0   585.9   671.6   936.9  3165.5  9004.9  70423.0    70467
read      374.4   247.2   148.8   202.0   215.3   340.6   410.4   450.8   480.5   516.5   565.8   643.2   847.8  1903.4  6855.5  71185.0    71151
read      374.8   222.9   148.8   201.2   214.7   341.5   412.2   453.4   484.0   521.7   570.8   643.2   811.9  2436.6  8936.6  64797.0    65016
read      369.8   191.0   148.8   199.0   212.5   336.3   403.1   448.7   482.5   522.4   570.7   637.0   816.7  1561.4  7920.2  42265.0    42057
read      365.2   179.2   148.8   201.2   214.5   332.4   399.0   437.8   467.3   502.5   548.1   624.1   807.7  1697.0  5603.4  78554.5    78821
read      366.2   231.8   148.8   198.7   212.1   331.5   394.9   433.7   464.3   502.5   551.5   625.8   799.3  2580.1  8220.1  60651.5    60720
read      375.2   252.6   148.8   200.5   214.1   339.5   408.0   455.1   489.6   528.6   575.3   639.8   805.5  1603.3 11403.5  40088.0    39911
read      386.0   565.9   160.7   198.5   213.0   344.5   397.5   427.7   452.6   485.7   532.9   607.6   950.3  5021.9 29957.8  10705.0    10628
read      432.6   340.6   148.8   205.5   221.0   361.0   436.0   481.9   517.2   562.1   630.0   800.3  1826.6  3156.4  8637.9  73509.5    73736
read      354.9   434.2   160.7   201.9   218.4   327.9   365.0   387.2   402.9   426.6   457.5   505.2   690.8  7640.9 18323.5   7326.5     7334
read      391.9   399.5   148.8   205.1   220.5   343.5   407.1   446.6   475.5   512.3   565.7   653.2  1210.1  5108.7 15219.7  91149.0    91868
read      368.7   335.5   148.8   199.2   212.7   330.4   396.2   435.6   465.3   500.9   545.9   619.6   811.6  3661.1 14436.3  76340.0    76670
read      381.2   591.4   160.7   198.5   212.1   340.0   391.8   419.7   440.8   469.7   510.8   579.4   808.6  9652.9 27304.8  10611.5    10405
read      420.5   283.6   160.7   195.3   208.8   343.3   446.7   504.3   546.0   618.1   761.1   925.9  1191.9  2120.4  7425.1  25974.0    26019
read      379.8   242.5   148.8   199.1   212.9   336.6   402.6   443.9   475.8   517.3   573.1   662.9  1238.0  2121.6  7724.9  55611.5    55530
read      425.1   464.2   160.7   197.5   211.1   338.4   436.1   494.4   536.9   594.0   714.4   932.8  1262.3  6752.7  9274.7  29667.0    29615
read      384.4   255.5   148.8   200.7   214.7   339.1   407.8   450.5   482.5   522.5   577.5   666.8  1271.7  2496.6  8738.6  66190.0    66057
read      373.8   203.9   148.8   200.3   214.1   342.7   411.0   452.9   485.1   523.9   573.6   645.0   808.4  1527.4  7343.3  55185.5    55281
read      405.5   281.5   148.8   197.0   210.6   357.2   447.0   492.8   528.2   579.4   666.9   793.6   994.0  3285.2  9424.1  20987.0    21177
read      400.0   466.7   148.8   205.5   221.1   347.2   416.5   457.5   488.1   525.1   575.2   660.1  1162.4  6383.9 18086.4  87678.5    88239
read      382.3   239.1   160.7   202.9   216.7   343.6   414.9   456.6   487.3   523.9   573.2   655.0   915.0  3088.6  7177.6  70698.5    70227
read      405.1   283.3   148.8   196.8   210.0   342.4   438.1   486.4   521.4   571.2   670.9   834.5  1080.6  3452.5 11355.6  23406.5    23421
read      407.7   389.8   148.8   210.0   227.6   359.1   426.1   466.9   498.5   537.1   589.2   685.6  1149.2  4656.7 12451.4  96991.0    97104
read      331.9   472.5   160.7   204.4   222.7   302.2   326.2   340.1   349.8   363.6   380.0   413.5   770.3  7834.6 19544.2   6268.0     6235
read      374.2   294.5   148.8   197.1   210.9   334.1   398.5   439.2   471.3   511.2   564.0   640.8   974.4  2884.4 12164.6  57852.0    58045
read      373.1   238.2   148.8   196.4   209.4   332.3   416.2   459.0   486.1   514.6   551.2   622.9  1045.0  1907.6  9927.6  23568.5    23729
read      379.6   249.5   148.8   196.0   210.1   334.9   403.5   452.4   488.5   528.9   578.7   655.2  1121.4  2411.7  9444.0  40703.5    40897
read      377.9   297.0   148.8   198.9   212.8   338.6   404.4   447.2   479.2   519.7   571.1   647.7  1034.3  2501.6 11144.3  53394.5    53312
read      371.7   250.4   148.8   201.1   215.1   330.2   393.1   429.6   458.1   494.5   544.2   628.8  1172.8  2765.3  7721.0  87338.5    87262
read      369.1   189.3   148.8   203.1   216.9   338.7   405.5   445.2   473.7   508.7   554.6   627.9   806.3  1646.7  7610.2  81934.5    81836
read      375.1   229.7   148.8   203.9   219.0   341.6   404.3   442.7   471.4   507.1   556.9   635.2   837.7  2772.7  8547.8  92447.5    92274
read      380.2   254.3   148.8   201.5   215.3   346.7   416.9   461.0   494.6   533.8   582.2   651.5   824.9  1582.8 10979.8  47278.0    47252
read      376.0   210.6   160.7   203.5   217.5   340.2   413.3   455.7   486.8   523.8   573.4   651.7   848.9  1654.7  8123.9  75380.5    75747
read      363.9   215.1   148.8   201.6   215.2   333.3   397.9   436.5   465.6   500.2   545.0   619.4   790.4  1572.3  8070.5  81267.5    80994
read      345.4   168.7   148.8   200.6   214.4   319.8   375.3   408.3   433.5   464.8   505.7   570.5   712.8  1472.2  6142.4  98317.0    98224
read      347.1   598.3   160.7   201.7   217.1   318.7   349.5   366.2   377.6   392.8   411.0   446.7   667.5  7391.7 30686.1   7629.5     7737
read      375.3   226.4   148.8   197.4   210.9   332.1   403.8   453.2   489.2   528.7   575.5   643.6  1113.0  2006.0  7842.4  37225.5    37514
read      348.9   359.9   160.7   197.9   211.1   332.0   374.2   395.1   409.1   425.7   446.1   479.9   645.7  4055.3 12888.4  10716.0    10640
read      381.7   296.9   160.7   206.2   221.8   343.1   409.8   450.3   479.7   514.5   561.0   637.1   879.7  2991.0  9414.2  90073.0    90490
read      359.7   201.6   148.8   203.2   217.9   331.5   392.3   428.2   455.9   489.6   533.8   601.3   751.3  1410.6  7750.4  92569.0    92514
read      356.2   184.1   148.8   200.6   214.2   324.5   387.8   424.6   452.6   486.1   528.5   591.9   775.6  2004.3  6101.0  88812.5    89245
read      367.6   204.3   148.8   200.1   213.7   332.3   402.1   444.1   474.1   509.6   557.1   630.6   819.9  2043.5  7287.7  73905.0    73823
read      371.6   309.5   148.8   196.8   210.0   328.5   392.0   435.0   470.5   511.7   562.0   631.2   973.9  4130.1  9306.7  46641.0    46565
read      362.3   304.4   148.8   195.2   208.0   327.1   406.6   446.6   470.1   496.0   527.3   577.5   872.0  3801.8 12609.2  21602.5    21419
read      364.4   206.2   148.8   197.3   211.0   330.0   394.4   432.2   462.4   499.9   547.1   624.0   942.1  1874.6  8599.2  67338.0    66915
read      373.5   260.8   148.8   196.3   209.7   328.8   405.4   455.1   488.2   523.6   564.5   630.3  1028.2  2389.1  9443.2  31429.5    31667
read      367.7   237.3   148.8   197.8   211.3   331.0   396.2   434.8   464.7   501.8   548.7   628.4  1003.3  2179.2  6342.5  72478.0    72255
read      367.2   199.5   148.8   205.6   221.2   336.3   395.3   430.6   458.1   491.5   536.0   609.3   828.2  1928.8  8014.2  99326.5    99535
read      333.9   351.8   160.7   197.6   211.4   318.5   353.9   371.7   385.3   399.8   420.7   454.8   591.4  4634.1 14823.6   9327.0     9226
read      368.9   240.1   148.8   197.4   211.1   331.1   396.2   435.6   466.0   501.9   549.1   627.4   995.6  3017.2  7826.7  67591.5    67844
read      375.8   312.2   148.8   200.0   213.6   336.5   405.5   447.5   477.4   513.8   562.1   636.9   857.4  3328.9  8504.6  71581.0    71413
read      364.6   157.6   148.8   204.9   220.4   336.9   398.5   435.6   463.5   496.6   539.3   608.5   780.4  1481.6  4209.9  97261.5    97328
read      381.2   239.5   148.8   202.7   216.3   349.6   419.8   460.9   492.7   531.4   581.4   656.4   830.1  1750.4  8626.7  55024.5    55113
read      370.2   198.9   148.8   200.4   214.0   337.9   404.1   447.1   480.4   520.1   569.1   638.4   794.4  1580.7  8402.3  53833.5    53743
read      357.2   291.1   160.7   195.3   207.8   334.5   394.6   421.8   439.2   459.8   485.5   530.0   839.0  4173.7 12673.8  15060.0    15253
read      379.4   318.4   148.8   203.8   218.7   338.5   402.0   440.6   469.6   505.7   553.7   634.4   915.2  3521.0  8041.9  90645.5    90605
read      362.3   282.1   148.8   196.6   209.5   326.0   407.4   451.0   478.3   506.9   540.4   589.1   831.1  1535.3 10136.5  25767.0    25767
read      375.6   366.8   148.8   204.3   219.2   336.5   398.3   436.6   466.5   503.5   550.8   627.2   821.9  3598.1 12528.4  93349.5    93458
read      368.8   216.8   148.8   204.3   219.7   336.9   398.0   434.9   463.1   497.6   542.5   615.3   805.0  2842.4  7534.7  95246.0    95080
read      367.2   319.2   148.8   203.5   217.9   334.0   397.9   435.2   463.1   497.0   543.2   618.6   801.4  1401.6 13793.1  88865.5    88399
read      371.7   211.6   148.8   207.8   223.6   341.0   401.6   438.9   467.2   501.5   546.4   619.1   803.7  1953.6  7848.4  95462.0    95681
read      374.9   341.9   148.8   196.7   210.3   329.2   406.8   458.1   492.7   529.4   572.4   635.6   990.3  2385.2  6825.5  32950.5    33003
read      394.9   343.2   148.8   211.1   228.4   355.5   419.2   458.5   488.5   525.2   575.0   661.1   924.0  4064.0  9342.3  99029.5    98809
read      376.0   191.4   148.8   202.3   216.1   344.9   414.9   455.6   485.8   522.8   571.9   646.8   812.0  2152.0  6879.6  64520.0    64610
read      365.4   188.0   148.8   199.1   212.5   334.4   398.9   440.1   473.6   512.8   563.1   631.2   776.9  1300.6  7777.3  51004.0    51183
read      378.2   317.3   148.8   199.4   212.3   344.5   425.5   462.0   485.9   511.2   544.2   609.3   945.5  3463.7 13927.5  20104.5    20194
read      342.3   418.4   160.7   202.9   219.1   320.2   351.1   368.4   380.6   394.7   413.8   454.2   615.0  4447.0 24369.8   7576.5     7602
read      385.7   207.3   148.8   202.2   216.0   345.8   415.4   460.6   495.3   536.3   588.6   675.8  1117.5  2110.1  4705.0  46253.0    46677
read      332.7   402.7   160.7   208.3   230.0   305.6   330.0   343.9   355.6   368.9   390.1   432.8   713.3  4612.2 17369.2   5778.5     5577
read      365.5   221.1   148.8   197.6   210.6   328.1   412.0   454.1   480.1   506.5   539.8   591.2   981.8  1916.4  9595.3  22990.0    23035
read      372.5   221.4   148.8   200.4   214.0   333.8   399.5   440.4   471.2   509.9   562.2   639.2  1047.8  2143.5  5811.5  57720.0    57516
read      360.0   189.0   148.8   198.9   212.4   329.1   392.2   430.6   461.2   499.0   546.3   615.9   744.6  1962.2  6786.1  62702.0    62851
read      379.7   217.2   148.8   198.4   212.3   334.7   408.0   457.0   493.4   534.0   582.7   660.7  1180.6  1949.0  6184.9  38657.5    38431
read      367.1   267.6   148.8   195.7   209.1   326.6   406.5   452.8   481.3   511.2   547.0   605.4   918.5  2648.1 12701.5  25599.0    25729
read      359.2   211.3   148.8   195.6   208.4   330.9   407.4   442.2   464.1   488.4   516.7   565.6   845.3  3113.4  7600.4  19468.0    19443
read      364.2   268.5   148.8   197.4   209.9   333.0   409.3   446.1   469.2   495.3   527.0   579.0   922.3  3336.3 10294.5  19493.5    19461
read      379.9   333.9   148.8   195.7   209.7   332.6   402.4   450.8   486.7   527.8   577.3   652.0  1136.8  3229.2 12467.4  42031.0    42341
read      324.0   316.0   160.7   207.2   227.1   302.9   327.0   341.1   351.7   365.4   382.8   413.8   569.5  5367.0 10036.2   5710.0     5691
read      377.1   256.9   148.8   196.5   210.7   332.7   403.3   452.3   488.1   529.0   577.2   649.8  1057.1  2197.9  8786.9  40078.5    40223
read      372.4   264.9   148.8   196.7   210.2   327.1   409.2   457.8   490.0   524.7   565.1   628.3   991.6  1966.6 12937.4  29791.5    29941
read      382.3   245.2   148.8   198.5   212.5   338.4   408.2   457.4   493.6   534.7   584.6   659.4  1082.8  2525.3  7902.6  40886.0    41162
read      394.4   471.1   148.8   198.2   212.2   337.9   408.8   459.1   495.5   537.7   590.0   675.7  1266.3  6151.0 30421.1  43648.0    43863
read      362.2   264.2   160.7   197.6   210.5   333.4   411.9   448.6   470.9   496.0   526.2   575.0   858.6  1310.9 11037.7  20433.5    20318
read      380.0   291.7   148.8   203.9   218.8   336.8   399.8   438.3   467.2   503.7   550.8   635.2  1193.1  3773.4  8342.9  93740.5    93421
read      379.6   231.7   148.8   203.2   216.9   346.9   417.4   460.6   492.8   531.7   581.3   652.7   816.3  1539.2 10077.1  48473.5    48578
read      374.2   268.9   148.8   196.6   209.8   324.2   393.8   444.1   481.3   521.6   571.1   650.2  1123.2  2314.3  8131.9  40541.5    40595
read      361.4   238.9   148.8   197.5   210.2   340.4   411.0   443.1   463.7   487.3   514.7   564.2   822.1  1448.7  9098.3  17810.0    17677
read      386.5   405.0   148.8   202.9   217.0   338.9   408.2   450.0   479.6   516.1   566.1   651.0  1004.8  5777.5 10954.7  78896.0    78948
read      346.4   419.7   148.8   199.6   213.1   321.1   358.2   377.1   390.7   404.2   426.6   463.4   727.1  7171.7 19503.3   9806.0     9703
read      342.7   334.3   160.7   202.5   215.9   327.7   366.2   386.3   399.5   416.1   434.9   468.2   636.7  4312.5 16734.4   9651.0     9686
read      344.7   460.0   160.7   201.2   216.7   315.7   348.0   366.3   378.8   394.3   414.6   453.4   756.5  5705.7 18564.7   7937.0     7968
read      354.2   374.6   148.8   196.0   208.8   334.7   396.0   425.3   444.3   464.7   491.0   533.5   755.9  1859.7 22022.7  15687.5    15830
read      332.7   204.8   160.7   202.2   217.8   321.5   355.1   372.3   385.7   399.9   421.8   460.2   587.9  3792.1  9632.4   8171.0     8192
read      366.2   201.6   148.8   199.5   213.2   327.7   392.7   431.9   462.5   499.8   548.7   630.5  1042.6  2089.1  4767.3  79043.5    79410
read      369.4   182.4   148.8   201.6   215.0   335.9   406.3   448.0   477.5   513.6   561.2   635.7   811.5  1807.6  6142.9  76598.0    76582
read      369.1   275.9   148.8   198.8   212.4   333.8   399.1   439.8   471.3   511.2   560.4   631.0   819.5  1784.3  9973.3  54729.0    54634
read      376.3   201.5   148.8   202.6   216.7   339.7   411.0   453.2   484.2   522.1   572.6   649.2   879.6  1969.7  7157.2  72344.0    72177
read      360.7   354.3   148.8   196.3   208.8   336.1   394.7   422.4   440.4   461.3   488.4   535.2   854.7  4629.6 15860.1  15208.5    15101
read      328.6   248.4   160.7   199.0   213.9   317.5   350.7   368.5   381.7   397.3   418.9   455.6   576.6  3465.8 12323.3   8096.5     8167
read      371.3   219.2   148.8   194.9   209.0   329.8   397.6   442.5   477.2   519.7   569.3   639.8  1072.1  2368.1  5826.7  44069.5    44130
read      370.8   227.4   148.8   198.2   211.9   332.4   397.7   438.5   471.0   512.5   565.7   638.2  1009.7  1998.1  8203.7  53016.5    53047
read      363.5   177.6   148.8   204.9   219.9   334.2   395.2   430.8   458.3   492.0   536.7   606.0   792.3  1673.1  4788.0  96933.0    97171
read      352.0   183.4   148.8   198.1   211.4   320.9   383.3   420.6   449.3   484.4   531.1   598.6   744.7  1644.3  3950.1  81110.0    81360
read      362.8   175.8   148.8   199.4   213.1   329.1   397.4   437.1   467.1   503.5   549.9   624.3   805.1  1803.0  3227.1  77134.0    77277
read      364.1   225.1   148.8   195.0   208.5   321.6   392.8   440.6   475.5   515.0   561.0   627.1   964.5  1639.6  8437.5  38128.0    38294
read      362.9   493.7   148.8   197.8   210.8   333.2   378.5   400.4   415.9   432.4   456.0   495.9   771.8  8356.4 17268.3  11166.0    11165
read      375.1   223.0   148.8   198.8   213.2   333.5   403.4   446.5   478.4   517.4   569.1   652.1  1030.9  2268.7  7554.2  74105.5    74155
read      345.6   406.6   160.7   194.1   206.8   327.2   374.9   396.6   411.7   428.8   451.4   488.7   667.7  6241.4 14567.4  12229.5    12255
read      376.9   253.1   148.8   198.8   212.7   338.3   405.8   449.2   482.2   521.7   571.8   646.1   946.7  2155.0  9370.0  52635.5    52404
read      357.7   202.6   148.8   198.0   211.5   338.0   406.1   437.1   456.8   478.0   504.0   547.3   785.1  2409.9  7852.2  17140.5    17057
read      358.6   667.3   160.7   208.9   228.5   309.5   335.4   349.2   361.2   373.3   395.0   434.0  1150.3  8397.2 29706.8   5915.0     6005
read      375.2   253.8   148.8   202.9   217.3   333.8   397.6   436.0   466.0   503.2   551.7   632.3  1070.5  3514.2  6730.7  85241.5    85707
read      367.1   205.5   148.8   202.8   217.0   333.5   400.7   440.9   470.5   506.5   551.1   625.6   806.1  1722.7  4308.0  79694.0    79742
read      366.1   198.8   148.8   201.1   215.0   335.7   399.7   438.8   470.1   506.9   555.1   626.7   770.5  1576.6  7894.6  58251.5    58322
read      369.6   218.9   148.8   198.8   212.6   327.7   409.7   455.6   484.3   514.1   548.9   607.8   935.9  2716.6  7312.6  26009.0    26212
read      382.2   221.8   148.8   203.2   217.8   344.4   414.9   456.2   486.7   524.2   574.4   657.0   989.4  2538.9  7217.6  69272.0    69487
read      357.9   203.7   148.8   195.6   209.3   318.9   394.6   443.4   473.8   504.5   540.4   590.4   879.3  1474.1  5887.3  29298.5    29507
read      373.5   233.0   148.8   199.4   213.3   336.5   401.8   444.7   478.3   519.2   569.9   643.7   922.8  2145.8  8590.6  51132.5    51412
read      364.2   179.1   148.8   199.0   212.8   332.9   397.2   436.8   467.9   504.6   551.5   628.3   814.4  1706.0  4035.5  67396.0    67374
read      370.3   209.9   148.8   201.5   215.1   338.3   403.7   446.6   478.6   517.8   568.4   638.0   789.1  1614.2  8138.5  55021.5    55125
read      379.1   211.2   148.8   202.5   216.1   346.6   416.6   459.8   492.7   531.8   582.2   655.5   823.0  1511.6  7833.4  52893.5    53048
read      363.2   475.6   160.7   195.3   208.2   330.7   380.6   403.8   420.9   438.5   463.9   508.0   799.7  6741.8 15977.5  12285.0    12192
read      370.5   219.7   148.8   197.1   210.8   329.6   400.4   447.9   482.1   519.6   562.8   626.7  1048.7  1990.0  5457.6  35996.0    36138
read      367.4   211.1   148.8   197.7   211.5   332.4   397.7   437.4   468.3   506.9   556.5   628.9   857.7  2310.9  7796.4  60685.0    60799
read      375.6   217.1   148.8   196.9   210.9   331.2   403.8   454.3   490.4   530.7   577.9   646.2  1118.8  1917.8  5927.9  36232.0    36368
read      376.0   275.1   148.8   195.8   209.9   331.1   401.5   449.3   483.9   523.2   572.4   641.7  1037.7  2961.9 11751.7  39682.0    39729
read      391.7   349.5   148.8   207.8   224.4   350.7   416.1   455.3   484.4   520.0   568.3   645.9   986.8  3918.8 11681.4  95970.5    95693
read      383.7   296.6   148.8   197.4   211.3   337.2   407.3   453.1   486.2   525.8   576.3   653.5  1163.6  3835.4 12209.5  41074.5    40999
read      383.3   216.4   148.8   202.0   215.9   345.6   418.1   460.4   492.4   531.9   584.2   669.8   927.8  2597.4  7758.1  64765.5    65037
read      366.1   608.0   160.7   197.1   210.2   335.4   385.4   408.9   424.7   442.1   464.3   504.0   705.3  6233.4 30995.6  12689.5    12633
read      376.3   230.6   148.8   198.2   212.1   336.3   402.6   447.1   481.8   522.4   574.5   649.9  1022.3  2398.5  7842.5  49760.0    50117
read      368.4   178.4   148.8   199.5   213.4   339.0   406.3   445.8   474.5   509.4   558.0   629.5   795.0  1523.5  6880.3  62835.0    62765
read      336.0   172.5   148.8   195.6   208.2   328.8   375.3   397.5   412.7   429.3   451.2   485.9   636.7  1757.3  7995.6  12381.5    12379
read      372.9   212.6   148.8   197.2   211.2   336.5   401.4   445.6   479.7   520.7   571.7   646.2   978.6  1899.0  7552.4  49330.5    49369
read      375.7   203.0   148.8   197.2   211.1   337.9   407.5   453.5   487.5   526.6   575.0   645.3  1037.0  1832.6  6558.9  39054.5    39111
read      365.7   203.6   148.8   196.6   210.3   327.6   391.0   432.0   465.1   506.8   559.3   632.0   938.3  2187.7  5932.4  52828.5    52692
read      369.0   324.9   148.8   196.0   209.3   326.2   409.5   452.9   480.1   507.7   543.8   606.9   913.2  3396.1  9916.7  24428.0    24539
read      369.3   274.2   148.8   197.0   210.8   332.3   397.9   435.7   465.5   502.5   549.9   627.0   894.5  2783.2 12284.1  61507.0    61591
read      377.8   222.8   148.8   200.3   214.0   345.2   413.9   455.3   486.6   524.2   573.3   646.1   843.6  2383.8  7805.6  47766.5    47864
read      348.3   214.8   148.8   193.6   206.0   330.3   393.4   422.4   440.9   462.2   488.8   532.1   766.3  2701.4  7877.5  16509.0    16479
read      370.5   268.3   148.8   196.4   210.6   328.1   391.3   429.3   459.8   497.9   548.5   633.6  1107.9  2977.5  8787.5  75085.0    75268
read      328.4   313.2   148.8   197.8   213.2   314.6   347.1   365.1   377.0   392.1   409.7   441.2   580.9  4144.7 12193.4   8775.5     8714
read      338.8   283.8   148.8   193.5   206.1   324.5   375.2   397.8   413.1   429.3   451.0   485.1   649.6  3786.9 13346.5  12916.0    13002
read      373.5   291.9   148.8   198.5   212.7   332.6   399.6   439.5   470.8   508.1   557.1   639.3  1038.3  2571.0  9671.0  76821.5    77147
read      386.7   223.4   148.8   199.4   213.7   344.0   414.8   460.8   495.4   535.6   588.4   675.3  1194.0  2544.2  4337.2  43694.0    43518
read      369.1   505.5   148.8   193.5   207.0   317.5   395.1   440.3   470.1   501.1   536.3   591.6   980.6  4715.2 35754.5  27174.5    27206
read      376.3   225.4   148.8   198.5   212.7   338.8   407.5   450.0   481.8   520.5   571.9   646.2   922.5  2794.6  7346.6  55383.5    55859
read      375.0   224.9   148.8   196.3   210.0   334.0   403.5   452.0   487.6   527.1   576.2   648.4  1049.2  1988.0  7045.3  37589.0    37448
read      369.1   194.8   148.8   194.1   208.4   329.9   394.8   439.7   475.1   516.6   565.9   636.2  1064.5  2291.3  3906.8  45056.0    45026
read      381.8   291.1   148.8   206.9   223.5   343.0   405.6   444.9   473.4   508.8   556.9   634.8   909.3  3663.7  7982.7 100212.5    99974
read      363.5   216.0   148.8   197.3   211.1   329.7   394.3   433.1   464.0   501.2   548.1   621.7   848.4  1804.7  8834.9  64682.5    64632
read      373.7   435.8   148.8   196.7   210.6   331.7   398.3   440.9   473.1   511.5   559.5   628.4   808.2  3995.6 28022.5  48760.5    49061
read      363.4   189.5   148.8   199.8   213.9   332.0   399.4   438.8   467.7   502.2   546.9   621.8   781.7  1488.5  5685.4  80288.5    80418
read      348.8   215.2   148.8   195.2   207.7   331.4   394.2   423.2   441.8   462.1   488.7   535.7   740.7  1815.3  8953.8  16511.5    16471
read      368.1   287.5   148.8   194.5   208.3   326.8   396.0   443.0   477.8   515.5   558.8   625.0   993.4  1985.3  8446.9  35548.0    35694
read      354.2   302.5   148.8   194.6   207.6   336.0   389.9   415.9   433.5   454.4   480.0   536.6   757.6  3859.6 10864.8  13811.5    13935
read      370.6   271.0   148.8   198.7   213.0   331.5   398.0   437.3   466.4   501.9   548.2   628.5   985.5  2721.4  6664.0  79489.0    79838
read      365.1   204.3   148.8   197.1   210.6   332.4   396.1   436.0   468.5   507.3   554.3   623.1   795.5  2212.3  7551.6  49107.5    48842
read      351.9   198.5   148.8   193.9   206.9   329.7   398.3   429.3   450.6   473.6   503.5   553.7   772.4  1530.7  7794.3  17860.0    17708
read      387.6   447.0   148.8   196.6   210.6   331.9   410.3   459.3   491.2   526.1   570.4   646.1  1188.8  3927.4 15982.0  30978.0    31401
read      383.0   231.7   148.8   198.7   212.8   342.3   413.4   456.4   488.8   528.1   580.7   666.8  1078.3  2602.0  6442.2  62178.5    62091
read      378.0   272.8   148.8   202.6   217.4   341.5   408.0   448.6   478.9   516.3   567.5   646.9   876.0  2374.6  6403.1  87128.5    87121
read      364.2   225.7   148.8   198.0   212.1   329.5   396.7   436.5   466.9   502.9   548.9   624.6   792.7  2029.4  6960.4  82042.0    81929
read      362.5   230.1   148.8   192.7   206.3   324.1   389.1   433.6   469.2   510.9   559.3   627.7   966.9  1576.1 12332.2  42201.0    42013
read      373.0   221.8   148.8   202.3   216.8   337.4   401.7   441.3   470.8   507.2   555.6   633.9   877.9  2694.5  6611.3  90643.0    90709
read      364.4   190.4   148.8   196.8   210.5   334.0   398.6   437.1   466.8   503.1   549.6   624.8   804.9  1846.7  5952.8  67681.5    67578
read      378.0   220.6   148.8   199.4   213.5   348.1   420.1   461.2   492.4   530.3   580.1   654.5   801.5  1493.3 11427.6  58000.0    58116
read      365.5   210.9   148.8   197.1   210.8   331.8   398.6   438.4   468.4   505.4   552.6   627.7   808.7  1729.4  6899.3  68808.5    68886
read      376.0   197.0   148.8   204.9   221.0   344.6   410.0   450.4   479.9   515.5   563.8   640.3   808.3  1702.4  7466.6  93118.5    93119
read      483.4   266.0   160.7   238.1   267.3   440.6   529.3   586.4   630.3   683.3   750.0   854.0  1042.6  1906.8  9794.7  95172.0    95079
read      452.4   462.4   148.8   215.5   234.8   394.5   483.6   536.2   576.5   625.8   693.1   809.4  1136.1  5772.9 15338.7  77729.5    77456
read      372.7   375.8   148.8   199.1   212.0   343.3   400.8   429.7   449.6   470.4   501.6   562.9  1034.1  4207.1 11899.9  15668.0    15723
read      335.9   280.7   160.7   202.3   215.7   326.0   361.4   378.8   391.4   404.1   422.9   448.6   534.8  4327.8 12292.0   9781.0     9867
read      342.2   414.7   160.7   200.1   214.8   317.3   350.0   368.1   381.4   397.2   419.8   461.7   887.8  5486.0 21087.7   8195.0     8176
read      371.1   255.9   148.8   203.0   217.8   333.2   395.7   433.8   463.4   499.4   546.2   627.4   952.3  2658.8  7755.1  89556.0    89745
read      359.7   518.9   160.7   196.5   209.3   322.3   364.8   386.0   399.8   417.9   439.2   485.6   967.6  6454.9 20381.5  11129.5    11058
read      378.7   248.6   148.8   202.6   216.9   338.3   403.5   443.9   473.0   510.2   560.1   644.2  1031.9  3540.4  6316.6  81510.0    81413
read      371.6   375.7   148.8   197.8   210.5   327.3   407.7   446.0   469.9   497.7   531.6   590.1   960.8  4372.6 17173.4  21530.5    21659
read      387.1   381.5   148.8   198.7   211.5   329.7   415.8   463.3   494.7   529.1   572.3   650.9  1064.2  4367.6 14272.5  27101.5    27181
read      407.6   670.0   148.8   199.7   213.0   352.1   424.2   458.9   482.8   510.1   559.6   678.1  1040.6  7653.4 35498.6  17349.0    17420
read      375.2   300.8   148.8   198.2   211.2   332.6   418.2   462.2   490.4   520.3   555.3   628.8   981.6  1666.1 11691.0  23026.5    23028
read      394.0   455.6   148.8   198.5   211.6   329.0   408.7   461.9   499.6   541.9   594.4   721.1  1187.8  4529.3 27497.1  33749.5    33694
read      382.3   253.0   148.8   197.0   210.6   329.6   407.8   459.5   495.3   534.5   583.3   679.5  1139.9  3897.7  6430.0  32806.0    32735
read      385.4   233.9   148.8   201.8   215.3   341.3   408.2   452.7   487.3   529.8   585.1   676.9  1217.4  2325.3  6817.3  57434.0    57645
read      380.8   219.2   148.8   200.2   214.0   339.2   408.7   454.7   489.4   530.4   581.8   657.6  1088.0  2230.9  6714.0  45107.5    45216
read      373.1   211.7   148.8   200.6   214.1   336.5   401.3   442.9   475.3   516.3   568.4   638.7   899.8  2282.0  6677.4  57447.0    57659
read      368.1   171.8   148.8   203.7   218.1   337.3   402.1   440.5   468.9   504.2   550.2   628.0   823.2  1667.7  3994.6  85213.5    85443
read      355.1   192.3   148.8   199.3   211.5   342.2   399.3   425.6   443.5   464.1   491.6   539.2   746.2  2022.1  7880.3  14293.0    14390
read      371.4   324.3   148.8   195.0   208.3   320.3   398.8   450.5   484.7   520.6   562.7   629.6  1026.0  2553.4 19241.6  31522.5    31520
read      387.3   233.0   148.8   200.8   215.1   343.3   413.0   457.2   491.4   534.2   591.1   689.3  1170.1  2428.1  4743.7  66542.0    67089
read      366.7   354.3   148.8   197.2   209.5   336.9   402.0   433.1   453.0   473.7   503.4   564.2   858.8  4027.9 12863.1  16652.5    16537
read      368.9   324.0   148.8   197.3   210.0   335.2   411.6   447.0   470.0   495.2   526.2   582.5   923.7  3149.2 17847.4  19020.0    18930
read      394.5   532.5   148.8   198.1   212.5   335.8   404.5   453.3   491.8   537.5   594.9   684.6  1161.5  4020.5 26941.5  46846.5    46784
read      373.5   173.1   148.8   206.4   223.1   343.2   405.7   444.0   471.9   507.9   555.8   632.1   814.9  1715.7  4371.3  93198.5    93102
read      358.6   208.2   148.8   201.8   216.4   328.7   389.8   426.3   454.5   489.4   535.8   608.2   762.8  1442.9  7003.6  89771.0    89799
read      386.6   226.6   148.8   202.5   217.0   348.0   423.3   467.3   500.8   541.7   596.1   682.6   923.1  2101.6  4829.4  66832.0    66551
read      391.0   250.4   148.8   206.0   222.9   347.3   412.7   452.4   482.2   520.4   574.6   672.6  1277.6  2574.5  7970.5  92969.5    93104
read      365.6   301.5   148.8   197.8   211.5   328.9   393.8   435.5   470.2   509.3   554.2   618.3   786.9  2724.4 12146.1  44022.5    43768
read      356.5   176.2   148.8   197.9   211.6   326.4   388.0   425.9   456.4   494.5   540.6   603.8   741.1  1815.4  6195.0  53900.0    54006
read      348.9   198.0   148.8   197.6   211.4   320.2   379.1   414.7   443.2   479.3   523.8   583.9   697.0  1648.4  8496.9  64778.5    64618
read      344.8   163.2   148.8   199.1   212.6   319.5   380.2   415.8   442.0   472.6   512.7   571.4   679.1   901.7  6923.7  86050.0    86482
read      344.3   162.2   148.8   197.4   210.9   318.7   378.7   413.6   439.0   470.8   513.1   574.9   690.0  1070.3  5175.3  77744.5    77459
read      348.0   180.6   148.8   196.8   210.8   321.6   380.2   415.1   443.8   481.1   527.7   586.4   684.8   940.9  7436.3  61268.0    61365
read      347.2   160.8   148.8   196.7   210.5   319.4   378.9   416.9   448.1   486.6   530.8   585.8   681.2   968.6  6413.3  52496.5    52346
read      348.3   225.7   148.8   200.0   213.6   322.1   382.4   417.5   443.7   475.0   516.0   576.8   688.6   979.5  7604.6  87164.5    87286
read      340.4   238.9   148.8   199.3   211.9   325.4   387.5   415.8   433.4   451.4   469.6   500.0   569.4  1517.7 11634.5  17328.5    17384
read      339.5   166.7   148.8   200.1   213.8   315.6   370.1   401.8   426.9   456.9   496.5   553.4   668.5   942.3  7884.9  97652.5    98165
read      357.2   173.7   148.8   199.1   212.8   331.2   394.2   430.7   460.1   495.4   537.8   598.1   719.8  1150.0  7565.9  63281.0    63330
read      311.3   499.2   160.7   210.2   227.6   293.9   314.2   325.1   334.3   343.5   358.5   380.8   498.7  3813.4 15017.2   5856.0     5866
read      352.7   236.9   148.8   197.2   210.3   317.3   386.3   432.1   465.8   499.9   536.1   585.0   686.2  1089.6  8705.6  37600.5    37693
read      341.1   189.6   148.8   197.1   210.4   317.5   374.9   407.9   434.2   466.2   506.3   563.7   665.4   861.7  6956.7  75412.0    75360
read      350.6   301.5   148.8   196.6   210.0   313.7   384.7   431.3   464.3   497.2   532.2   578.4   675.9  1016.0 15701.4  34719.5    34753
read      357.4   189.3   148.8   199.7   213.9   330.2   391.1   429.1   460.2   497.2   540.4   599.1   724.7  1065.2  6978.0  60002.0    59823
read      356.7   167.4   148.8   199.9   213.9   332.2   396.1   432.5   461.2   495.6   536.6   594.2   717.8   972.1  4289.3  68289.5    68266
read      353.4   207.9   148.8   196.1   209.5   320.9   387.5   431.9   466.4   503.4   543.4   594.3   694.4   997.2  8188.2  39247.5    39383
read      351.9   194.3   148.8   198.4   211.9   325.0   385.2   420.4   447.9   482.1   526.5   587.4   701.7  2079.1  9031.6  64852.0    65072
read      345.3   165.6   148.8   196.1   209.5   314.1   384.0   429.1   459.2   489.6   522.0   563.1   638.3  1153.1  5172.6  33408.0    33192
read      357.5   169.8   148.8   200.1   213.8   329.0   392.8   431.8   463.7   502.9   547.9   606.9   708.5   992.4  6625.1  51828.0    51847
read      349.5   193.6   148.8   198.2   211.8   322.3   382.8   418.8   447.7   484.3   530.5   590.8   689.6   936.6  7723.1  62252.5    62362
read      346.8   172.7   148.8   198.3   212.0   321.2   382.8   417.9   444.3   475.4   516.3   578.5   693.2   931.2  6761.9  84180.5    84073
read      350.9   175.4   148.8   198.4   212.3   325.4   386.0   422.3   450.6   485.1   527.8   585.9   693.3   992.9  5855.5  64300.5    64213
read      351.5   199.5   148.8   198.0   211.5   319.2   397.8   441.1   467.8   494.7   524.7   564.5   641.5  1098.5  7416.6  27143.5    27059
read      354.3   165.5   148.8   200.0   214.1   328.3   389.5   426.1   455.6   491.8   535.5   591.9   702.8  1043.4  7288.5  54438.0    54703
read      344.7   146.9   148.8   203.7   218.3   322.2   377.3   408.5   433.3   463.7   502.1   560.1   679.3   897.1  5481.7  98512.0    98366
read      341.6   212.7   148.8   196.2   209.5   309.0   383.2   427.1   454.2   481.3   508.8   543.8   615.2  1024.8  9564.9  29530.0    29565
read      348.2   172.2   137.8   197.9   211.4   320.7   383.1   419.6   447.2   480.7   524.0   585.1   702.5  1046.8  6803.7  75117.0    75000
read      350.5   145.2   148.8   198.0   212.0   326.1   386.2   422.2   451.0   486.1   530.1   590.4   699.0   951.0  3865.8  62532.5    62235
read      353.6   165.3   148.8   198.2   212.1   325.8   388.8   429.3   461.9   499.2   540.3   593.5   693.4  1006.4  5322.0  47649.0    47788
read      344.2   146.5   148.8   196.9   210.7   319.8   378.9   413.6   440.0   473.9   517.8   577.7   679.0   911.4  4116.6  68779.5    68928
read      355.4   277.0   148.8   197.8   211.2   322.1   391.6   435.5   467.3   501.5   537.4   583.1   678.4  1120.0 12751.2  36720.5    36478
read      346.7   168.5   148.8   197.3   211.2   321.5   382.9   418.3   444.9   476.7   516.4   575.3   683.9   985.7  7209.5  75852.5    76067
read      353.1   162.5   148.8   198.1   211.8   326.0   388.0   427.4   458.9   496.4   539.1   593.8   696.1   976.6  4600.2  47116.5    47020
read      346.3   190.9   148.8   198.9   212.3   320.7   380.7   415.7   442.0   473.2   514.0   576.4   689.1   978.8  8913.1  81506.5    81656
read      340.0   348.9   148.8   199.3   211.8   324.3   382.0   408.0   423.6   439.9   459.8   488.4   550.0  2372.7 19659.9  16517.5    16396
read      356.3   298.8   148.8   202.1   214.7   331.7   408.7   443.3   464.7   486.9   509.5   543.5   628.5  1677.1 15466.0  21673.0    21661
read      353.1   214.7   148.8   196.7   210.8   324.9   387.7   426.2   456.6   493.4   535.9   590.2   692.6  1095.2  4870.1  50223.5    50156
read      354.8   215.4   148.8   196.5   210.5   323.8   385.8   425.7   457.9   496.0   540.2   598.8   717.2  1355.1  8558.3  53908.0    54102
read      344.5   148.9   148.8   196.5   210.1   319.0   377.8   413.3   441.3   475.9   520.1   578.9   680.2   978.6  4389.2  65622.5    65670
read      345.6   283.0   148.8   198.7   211.7   327.5   389.8   418.9   436.8   456.5   478.5   508.3   581.5  3875.1 15350.8  17629.0    17584
read      350.2   198.6   148.8   196.2   210.1   317.0   392.9   439.3   468.0   497.5   528.8   568.6   641.9  1013.1  8073.9  30541.0    30347
read      352.6   255.7   148.8   199.4   212.2   330.8   404.7   438.1   458.9   480.8   504.4   540.2   629.5  1613.1 11682.1  21563.5    21534
read      334.6   345.7   160.7   203.8   216.7   323.8   359.8   377.5   389.9   402.2   420.9   446.6   528.5  4014.5 19697.5  10258.0    10216
read      346.3   148.3   148.8   198.0   211.7   319.8   382.0   417.9   445.1   477.4   519.3   580.3   690.6  1052.6  4224.6  80301.5    80544
read      354.8   193.5   148.8   198.0   211.9   326.4   389.7   429.4   460.5   496.6   537.3   589.6   690.7  1190.8  7923.0  45377.0    45508
read      345.7   271.7   148.8   197.6   210.4   319.6   392.6   428.5   451.1   474.1   501.1   538.2   609.1  1475.2 12176.3  21594.0    21591
read      344.9   273.9   148.8   199.5   211.7   331.0   389.0   415.4   432.0   450.7   470.3   502.6   580.4  3860.7  9388.7  15745.5    15435
read      338.4   272.8   160.7   199.2   212.0   325.7   377.3   399.5   414.7   430.6   451.5   480.0   548.8  3944.7 13448.8  14524.5    14502
read      339.1   165.5   148.8   199.8   212.2   329.9   389.6   416.2   432.6   450.6   469.3   500.6   570.4  1016.8  7892.7  16352.0    16369
read      347.7   201.7   148.8   195.3   208.8   316.0   379.2   422.3   456.0   493.1   533.3   585.0   683.3  1027.4  8118.1  42100.0    42077
read      355.6   246.9   148.8   196.1   209.8   321.9   391.7   435.1   468.0   502.7   540.1   591.9   706.8  1754.1  8239.1  38464.5    38334
read      346.9   329.6   148.8   199.7   212.3   326.9   392.9   422.8   441.4   460.2   482.3   509.6   579.1  3177.7 20868.4  17727.5    17694
read      344.7   177.2   148.8   196.2   210.0   319.9   379.3   414.3   440.4   472.2   514.3   575.6   689.8   993.6  5978.0  75103.0    75056
read      355.0   183.0   148.8   198.3   212.2   328.0   391.1   428.7   459.2   495.1   537.6   594.1   702.0   993.9  8044.4  53929.0    53845
read      338.3   339.0   148.8   201.4   213.7   329.5   374.3   395.3   409.1   424.6   442.2   468.3   542.5  3938.7 10800.7  13322.0    13319
read      348.1   165.0   148.8   197.8   211.8   323.7   384.2   419.7   446.4   478.5   519.0   578.7   692.8   990.9  6567.7  77938.0    77808
read      357.8   200.8   148.8   198.4   212.4   328.7   393.9   434.5   466.2   501.3   540.5   593.9   719.5  1018.1  8480.8  44261.5    44423
read      347.7   189.5   148.8   197.9   211.0   317.7   393.1   433.7   457.9   482.9   509.2   546.8   637.0  2011.7  7707.1  25750.0    25669
read      357.6   173.8   148.8   197.7   212.0   332.2   396.2   433.3   462.4   496.7   538.8   599.7   725.6  1009.3  7619.6  66544.5    66463

Total QPS = 50125.6 (45113000 / 900.0s)

Total connections = 64
Misses = 0 (0.0%)
Skipped TXs = 0 (0.0%)

RX 11142911000 bytes :   11.8 MB/s
TX          0 bytes :    0.0 MB/s
Warning! Detected max cpu usage > 95%
CPU Usage Stats (avg/min/max): 100.00%,51.27%,100.00%
