2024-05-09T13:06:08.215193 0.0 0.0 0.0 0.0
2024-05-09T13:06:09.216566 2.0 3.9 1.0 2.0
2024-05-09T13:06:10.217918 1.0 0.0 0.0 0.0
2024-05-09T13:06:11.219217 1.0 0.0 1.0 1.0
2024-05-09T13:06:12.219821 0.0 0.0 1.0 1.0
2024-05-09T13:06:13.221138 0.0 0.0 0.0 0.0
2024-05-09T13:06:14.221997 1.0 1.0 1.0 1.0
2024-05-09T13:06:15.223305 0.0 1.0 0.0 1.0
2024-05-09T13:06:16.224612 1.0 1.0 0.0 0.0
2024-05-09T13:06:17.225944 0.0 1.0 0.0 2.0
2024-05-09T13:06:18.227249 0.0 0.0 1.0 1.0
2024-05-09T13:06:19.228616 0.0 0.0 0.0 0.0
2024-05-09T13:06:20.229946 0.0 0.0 0.0 0.0
2024-05-09T13:06:21.231267 2.0 3.1 5.0 4.0
2024-05-09T13:06:22.232575 1.0 1.0 0.0 1.0
2024-05-09T13:06:23.233902 0.0 1.0 0.0 0.0
2024-05-09T13:06:24.235205 1.0 0.0 0.0 0.0
2024-05-09T13:06:25.236500 1.0 0.0 0.0 1.0
2024-05-09T13:06:26.237844 1.0 1.0 1.0 0.0
2024-05-09T13:06:27.239178 2.0 1.0 2.0 1.0
2024-05-09T13:06:28.240485 0.0 0.0 0.0 0.0
2024-05-09T13:06:29.241832 0.0 1.0 0.0 2.9
2024-05-09T13:06:30.243158 0.0 1.0 1.0 0.0
2024-05-09T13:06:31.243887 2.0 0.0 0.0 0.0
2024-05-09T13:06:32.245217 1.0 2.0 0.0 1.0
2024-05-09T13:06:33.246520 2.0 1.0 1.0 0.0
2024-05-09T13:06:34.247833 0.0 2.0 0.0 0.0
2024-05-09T13:06:35.249187 0.0 0.0 1.0 0.0
2024-05-09T13:06:36.249996 1.0 1.0 1.0 1.0
2024-05-09T13:06:37.251306 2.0 3.1 1.0 1.0
2024-05-09T13:06:38.252592 1.0 3.1 4.0 1.0
2024-05-09T13:06:39.253930 2.0 3.1 1.0 1.0
2024-05-09T13:06:40.255211 1.0 1.0 2.1 0.0
2024-05-09T13:06:41.256505 0.0 3.1 0.0 1.0
2024-05-09T13:06:42.257536 0.0 0.0 0.0 2.0
2024-05-09T13:06:43.257986 2.0 5.8 5.8 1.0
2024-05-09T13:06:44.259297 9.4 13.9 20.4 4.0
2024-05-09T13:06:45.260595 5.9 14.0 18.9 4.0
2024-05-09T13:06:46.261927 4.0 20.2 14.0 7.7
2024-05-09T13:06:47.263217 6.9 7.8 20.5 3.0
2024-05-09T13:06:48.264514 3.0 13.1 14.0 3.0
2024-05-09T13:06:49.265842 1.0 1.0 0.0 1.0
2024-05-09T13:06:50.267110 3.0 1.0 19.8 1.0
2024-05-09T13:06:51.268396 9.4 37.2 22.2 5.0
2024-05-09T13:06:52.269842 8.7 28.5 33.1 7.8
2024-05-09T13:06:53.271143 8.6 33.3 23.7 6.9
2024-05-09T13:06:54.272327 9.4 29.9 32.3 8.6
2024-05-09T13:06:55.272645 4.9 32.0 5.9 5.8
2024-05-09T13:06:56.273955 1.0 0.0 1.0 1.0
2024-05-09T13:06:57.275245 4.9 35.8 5.0 4.0
2024-05-09T13:06:58.276537 11.2 56.5 16.8 5.0
2024-05-09T13:06:59.277940 13.6 41.0 33.8 9.6
2024-05-09T13:07:00.279236 11.2 54.9 14.5 5.9
2024-05-09T13:07:01.280531 9.5 56.0 4.1 13.6
2024-05-09T13:07:02.281914 1.0 33.6 4.0 4.9
2024-05-09T13:07:03.283218 2.9 1.0 0.0 0.0
2024-05-09T13:07:04.284491 7.8 17.1 43.0 4.0
2024-05-09T13:07:05.285876 17.7 50.7 29.8 10.7
2024-05-09T13:07:06.287198 18.4 29.0 52.9 12.3
2024-05-09T13:07:07.288490 13.1 18.7 56.7 14.7
2024-05-09T13:07:08.289910 13.9 34.6 47.7 8.9
2024-05-09T13:07:09.291242 5.8 23.1 6.7 5.8
2024-05-09T13:07:10.292534 0.0 0.0 0.0 0.0
2024-05-09T13:07:11.293989 17.0 56.4 15.5 5.0
2024-05-09T13:07:12.295275 23.3 61.1 16.4 12.1
2024-05-09T13:07:13.296550 19.5 61.3 17.3 8.8
2024-05-09T13:07:14.296850 20.0 36.5 48.6 8.7
2024-05-09T13:07:15.298003 20.2 17.0 62.0 7.8
2024-05-09T13:07:16.299316 2.0 3.9 13.8 1.0
2024-05-09T13:07:17.300641 2.0 4.0 3.0 2.9
2024-05-09T13:07:18.302063 13.8 65.2 15.7 14.4
2024-05-09T13:07:19.303418 17.7 49.3 41.8 14.2
2024-05-09T13:07:20.304699 14.7 57.8 24.3 10.8
2024-05-09T13:07:21.306014 13.1 19.6 58.6 10.9
2024-05-09T13:07:22.307320 16.1 21.8 57.0 16.5
2024-05-09T13:07:23.308602 1.0 2.0 0.0 0.0
2024-05-09T13:07:24.310020 3.0 23.7 6.7 4.0
2024-05-09T13:07:25.311319 12.4 61.4 28.3 14.4
2024-05-09T13:07:26.312599 24.2 46.2 46.9 15.7
2024-05-09T13:07:27.314015 20.2 16.8 66.0 16.7
2024-05-09T13:07:28.315324 16.4 37.9 49.6 10.7
2024-05-09T13:07:29.316643 11.3 49.6 20.2 10.6
2024-05-09T13:07:30.317972 0.0 0.0 0.0 0.0
2024-05-09T13:07:31.319411 6.9 38.3 6.9 3.1
2024-05-09T13:07:32.320730 19.3 69.4 13.3 10.1
2024-05-09T13:07:33.322059 17.9 47.2 45.1 14.6
2024-05-09T13:07:34.323426 12.0 28.2 59.4 13.5
2024-05-09T13:07:35.324721 22.8 30.4 58.1 13.6
2024-05-09T13:07:36.326046 12.3 16.0 37.2 7.8
2024-05-09T13:07:37.327385 0.0 0.0 0.0 0.0
2024-05-09T13:07:38.328692 9.6 53.7 13.2 16.7
2024-05-09T13:07:39.330070 18.9 28.8 65.0 16.5
2024-05-09T13:07:40.330611 15.1 63.3 31.3 14.9
2024-05-09T13:07:41.331919 11.8 55.4 40.7 15.8
2024-05-09T13:07:42.333345 10.8 18.1 69.7 9.3
2024-05-09T13:07:43.334660 6.8 5.0 30.1 5.9
2024-05-09T13:07:44.335956 1.0 0.0 0.0 0.0
2024-05-09T13:07:45.337357 13.5 41.4 47.4 11.0
2024-05-09T13:07:46.338061 15.4 40.9 58.8 12.9
2024-05-09T13:07:47.339452 9.2 69.0 27.6 15.5
2024-05-09T13:07:48.340790 13.5 70.1 22.5 16.2
2024-05-09T13:07:49.342110 12.9 75.6 14.3 17.0
2024-05-09T13:07:50.343495 1.0 14.3 2.0 2.0
2024-05-09T13:07:51.344788 1.0 1.0 8.8 1.0
2024-05-09T13:07:52.345979 21.5 39.0 59.5 14.6
2024-05-09T13:07:53.346822 21.5 53.5 50.9 24.3
2024-05-09T13:07:54.348130 24.3 51.3 55.8 17.0
2024-05-09T13:07:55.349548 22.0 54.6 49.1 18.6
2024-05-09T13:07:56.350838 22.0 50.9 44.8 15.2
2024-05-09T13:07:57.352150 0.0 1.0 0.0 1.0
2024-05-09T13:07:58.353572 2.0 26.7 4.0 2.1
2024-05-09T13:07:59.354111 19.1 84.0 20.0 15.0
2024-05-09T13:08:00.355619 22.1 84.7 18.3 16.8
2024-05-09T13:08:01.357062 20.0 83.9 22.2 19.0
2024-05-09T13:08:02.358069 19.3 61.9 46.0 19.0
2024-05-09T13:08:03.358840 18.7 27.4 55.7 11.0
2024-05-09T13:08:04.360178 2.0 0.0 1.0 2.0
2024-05-09T13:08:05.361638 10.6 41.9 7.9 4.2
2024-05-09T13:08:06.362155 25.7 51.4 57.7 12.0
2024-05-09T13:08:07.363544 17.8 17.3 87.7 20.6
2024-05-09T13:08:08.364914 19.2 54.3 55.9 16.3
2024-05-09T13:08:09.366165 21.8 87.0 17.5 16.7
2024-05-09T13:08:10.367456 10.8 53.8 12.6 10.1
2024-05-09T13:08:11.368788 1.0 0.0 0.0 1.0
2024-05-09T13:08:12.370079 11.7 61.2 12.4 15.5
2024-05-09T13:08:13.371632 27.0 69.9 42.1 17.5
2024-05-09T13:08:14.373122 16.0 60.4 53.7 19.2
2024-05-09T13:08:15.374020 29.4 95.2 16.3 17.5
2024-05-09T13:08:16.375494 22.2 97.1 14.1 11.1
2024-05-09T13:08:17.376815 7.0 36.6 5.1 4.2
2024-05-09T13:08:18.378092 0.0 1.0 1.0 0.0
2024-05-09T13:08:19.379131 11.7 66.0 29.7 12.5
2024-05-09T13:08:20.380538 23.3 18.6 100.0 11.7
2024-05-09T13:08:21.381987 26.7 18.0 100.0 10.8
2024-05-09T13:08:22.383499 31.3 26.5 89.3 7.8
2024-05-09T13:08:23.384676 20.4 70.3 46.9 21.6
2024-05-09T13:08:24.385948 3.1 17.2 4.0 4.0
2024-05-09T13:08:25.387390 1.0 3.0 1.0 1.0
2024-05-09T13:08:26.388839 21.2 100.0 16.7 20.8
2024-05-09T13:08:27.390038 27.5 43.0 76.8 16.3
2024-05-09T13:08:28.391466 25.0 20.4 100.0 18.8
2024-05-09T13:08:29.393019 30.4 21.2 100.0 14.6
2024-05-09T13:08:30.393972 24.3 18.6 98.0 12.6
2024-05-09T13:08:31.395313 1.0 0.0 1.0 1.0
2024-05-09T13:08:32.396851 2.0 22.0 4.1 0.0
2024-05-09T13:08:33.398048 26.8 100.0 21.9 16.3
2024-05-09T13:08:34.399548 22.7 100.0 26.3 14.6
2024-05-09T13:08:35.400979 22.2 100.0 26.7 16.2
2024-05-09T13:08:36.402065 20.2 100.0 25.0 18.2
2024-05-09T13:08:37.403397 18.7 77.6 18.4 14.0
2024-05-09T13:08:38.404751 0.0 0.0 0.0 0.0
2024-05-09T13:08:39.406049 7.1 41.0 9.1 6.1
2024-05-09T13:08:40.407482 29.9 26.3 93.9 16.7
2024-05-09T13:08:41.408922 21.0 19.4 100.0 13.3
2024-05-09T13:08:42.410314 23.4 75.0 48.5 16.0
2024-05-09T13:08:43.411797 19.8 100.0 23.5 17.0
2024-05-09T13:08:44.413166 10.2 60.4 19.8 8.2
2024-05-09T13:08:45.414483 2.9 0.0 1.0 1.0
2024-05-09T13:08:46.415955 11.1 13.9 56.6 8.6
2024-05-09T13:08:47.417399 25.2 18.4 100.0 22.0
2024-05-09T13:08:48.418144 27.9 20.2 100.0 22.0
2024-05-09T13:08:49.419593 13.8 19.8 100.0 18.4
2024-05-09T13:08:50.421016 25.9 22.1 100.0 21.0
2024-05-09T13:08:51.422337 7.1 6.2 44.0 8.2
2024-05-09T13:08:52.423635 0.0 0.0 0.0 0.0
2024-05-09T13:08:53.424351 11.2 75.8 12.2 13.1
2024-05-09T13:08:54.425860 22.2 100.0 17.3 14.4
2024-05-09T13:08:55.427343 21.5 100.0 16.5 16.3
2024-05-09T13:08:56.428774 21.7 100.0 17.3 15.5
2024-05-09T13:08:57.430046 18.4 100.0 19.6 12.8
2024-05-09T13:08:58.431361 6.9 25.3 5.1 3.1
2024-05-09T13:08:59.432662 0.0 0.0 1.0 0.0
2024-05-09T13:09:00.434062 18.8 19.4 95.0 11.5
2024-05-09T13:09:01.435411 20.4 22.3 100.0 10.4
2024-05-09T13:09:02.436773 18.8 20.4 100.0 13.3
2024-05-09T13:09:03.438088 20.8 71.8 53.8 13.3
2024-05-09T13:09:04.439577 21.9 100.0 26.0 13.5
2024-05-09T13:09:05.440897 1.0 4.0 1.0 1.0
2024-05-09T13:09:06.441994 4.0 14.9 3.0 2.0
2024-05-09T13:09:07.443412 21.8 100.0 26.9 17.3
2024-05-09T13:09:08.444885 23.9 100.0 23.2 19.0
2024-05-09T13:09:09.446124 21.6 100.0 25.2 19.0
2024-05-09T13:09:10.447673 12.1 100.0 23.8 14.7
2024-05-09T13:09:11.448995 14.6 45.5 60.4 15.0
2024-05-09T13:09:12.449955 0.0 0.0 0.0 0.0
2024-05-09T13:09:13.451359 3.1 5.1 34.0 2.1
2024-05-09T13:09:14.452752 24.1 42.7 80.2 9.6
2024-05-09T13:09:15.454058 19.6 100.0 28.3 17.0
2024-05-09T13:09:16.455563 23.1 100.0 33.0 15.3
2024-05-09T13:09:17.457004 26.5 100.0 29.4 14.4
2024-05-09T13:09:18.458321 19.8 65.3 20.6 8.2
2024-05-09T13:09:19.459645 0.0 1.0 0.0 0.0
2024-05-09T13:09:20.461004 9.9 6.3 55.4 9.2
2024-05-09T13:09:21.462114 17.3 17.2 100.0 10.9
2024-05-09T13:09:22.463548 18.1 17.8 100.0 14.7
2024-05-09T13:09:23.464902 14.9 15.2 100.0 20.4
2024-05-09T13:09:24.466091 18.1 20.0 100.0 13.0
2024-05-09T13:09:25.467428 8.8 7.1 45.0 9.0
2024-05-09T13:09:26.468757 2.0 2.0 1.0 1.0
2024-05-09T13:09:27.469942 1.0 0.0 0.0 0.0
