2024-05-08T13:37:03.871540 0.0 0.0 0.0 0.0
2024-05-08T13:37:04.872881 0.0 0.0 1.0 0.0
2024-05-08T13:37:05.874187 0.0 0.0 1.0 0.0
2024-05-08T13:37:06.875527 1.0 1.0 0.0 0.0
2024-05-08T13:37:07.876823 0.0 1.0 0.0 0.0
2024-05-08T13:37:08.878110 1.0 1.0 1.0 2.0
2024-05-08T13:37:09.879410 1.0 0.0 1.0 0.0
2024-05-08T13:37:10.880710 1.0 2.0 0.0 0.0
2024-05-08T13:37:11.882053 1.0 0.0 0.0 0.0
2024-05-08T13:37:12.883353 2.0 1.0 1.0 1.0
2024-05-08T13:37:13.884673 0.0 1.0 0.0 0.0
2024-05-08T13:37:14.885995 0.0 0.0 0.0 1.0
2024-05-08T13:37:15.886635 4.0 4.0 5.9 4.0
2024-05-08T13:37:16.887950 0.0 0.0 0.0 0.0
2024-05-08T13:37:17.889255 0.0 1.0 0.0 2.0
2024-05-08T13:37:18.890644 0.0 0.0 1.0 0.0
2024-05-08T13:37:19.891969 0.0 0.0 0.0 1.0
2024-05-08T13:37:20.893307 1.0 1.0 0.0 0.0
2024-05-08T13:37:21.894670 1.0 0.0 0.0 2.0
2024-05-08T13:37:22.896002 0.0 2.0 0.0 0.0
2024-05-08T13:37:23.897296 0.0 0.0 0.0 0.0
2024-05-08T13:37:24.898615 0.0 1.0 1.0 0.0
2024-05-08T13:37:25.899955 1.0 0.0 1.0 1.0
2024-05-08T13:37:26.901269 1.0 1.0 1.0 1.0
2024-05-08T13:37:27.902607 3.9 14.5 7.7 6.7
2024-05-08T13:37:28.903900 5.8 17.7 16.1 7.6
2024-05-08T13:37:29.905177 6.7 8.4 17.9 7.7
2024-05-08T13:37:30.906553 3.0 6.8 19.1 6.7
2024-05-08T13:37:31.907817 3.0 10.5 13.0 4.0
2024-05-08T13:37:32.909181 2.0 2.0 2.0 1.0
2024-05-08T13:37:33.910530 0.0 0.0 1.0 0.0
2024-05-08T13:37:34.911811 5.8 6.8 39.4 5.0
2024-05-08T13:37:35.913099 11.1 8.7 36.0 9.5
2024-05-08T13:37:36.913776 6.8 33.6 13.8 6.0
2024-05-08T13:37:37.915066 3.0 40.6 6.7 5.0
2024-05-08T13:37:38.916325 11.1 26.6 26.8 7.8
2024-05-08T13:37:39.917636 0.0 2.0 1.0 1.0
2024-05-08T13:37:40.918756 1.0 11.1 1.0 1.0
2024-05-08T13:37:41.920071 10.4 53.8 9.4 8.7
2024-05-08T13:37:42.921522 17.2 52.1 12.1 7.8
2024-05-08T13:37:43.922668 6.9 28.6 43.3 7.8
2024-05-08T13:37:44.923946 11.9 38.6 33.3 7.8
2024-05-08T13:37:45.925249 7.7 29.9 32.6 7.8
2024-05-08T13:37:46.926603 0.0 1.0 1.0 0.0
2024-05-08T13:37:47.927896 2.0 19.8 10.2 3.0
2024-05-08T13:37:48.929284 12.3 51.2 24.8 12.4
2024-05-08T13:37:49.930769 13.0 50.6 27.4 8.0
2024-05-08T13:37:50.932111 21.0 34.6 42.7 9.7
2024-05-08T13:37:51.933427 10.5 14.7 55.4 7.9
2024-05-08T13:37:52.934756 10.4 27.4 32.0 5.9
2024-05-08T13:37:53.936097 1.0 0.0 0.0 0.0
2024-05-08T13:37:54.937407 4.0 27.9 14.7 3.0
2024-05-08T13:37:55.938746 16.4 32.5 48.0 6.9
2024-05-08T13:37:56.940020 24.2 21.4 53.0 6.0
2024-05-08T13:37:57.941381 14.7 43.2 34.1 10.5
2024-05-08T13:37:58.942699 13.3 48.0 35.9 9.7
2024-05-08T13:37:59.943985 9.5 28.7 17.9 6.7
2024-05-08T13:38:00.945292 0.0 0.0 1.0 2.0
2024-05-08T13:38:01.946749 7.1 44.0 13.1 4.2
2024-05-08T13:38:02.948085 21.9 56.3 19.1 11.0
2024-05-08T13:38:03.949431 13.6 61.6 7.8 7.3
2024-05-08T13:38:04.950938 19.1 32.0 49.7 17.4
2024-05-08T13:38:05.952236 17.0 20.7 56.3 8.2
2024-05-08T13:38:06.953537 7.7 23.3 8.6 5.0
2024-05-08T13:38:07.954814 1.0 1.0 0.0 1.0
2024-05-08T13:38:08.956139 13.1 16.2 55.6 3.2
2024-05-08T13:38:09.957455 12.4 45.8 38.7 6.2
2024-05-08T13:38:10.958756 8.7 63.5 12.0 9.1
2024-05-08T13:38:11.960140 14.0 62.5 17.1 11.8
2024-05-08T13:38:12.961437 9.7 60.0 23.6 6.2
2024-05-08T13:38:13.962751 2.0 12.1 3.0 0.0
2024-05-08T13:38:14.964197 1.0 5.9 1.0 1.0
2024-05-08T13:38:15.965519 19.8 52.3 37.8 6.5
2024-05-08T13:38:16.966672 18.3 13.7 65.3 5.4
2024-05-08T13:38:17.968017 20.5 15.9 66.7 7.4
2024-05-08T13:38:18.969359 22.1 46.4 44.0 15.7
2024-05-08T13:38:19.970636 18.2 59.3 19.8 9.4
2024-05-08T13:38:20.972001 1.0 0.0 2.0 1.0
2024-05-08T13:38:21.973023 2.0 21.6 3.0 3.0
2024-05-08T13:38:22.974535 8.1 52.4 36.8 9.6
2024-05-08T13:38:23.976031 9.0 70.6 10.8 7.6
2024-05-08T13:38:24.977405 11.8 70.4 9.2 5.6
2024-05-08T13:38:25.978782 8.2 68.1 15.5 10.5
2024-05-08T13:38:26.979277 9.8 35.4 37.1 13.7
2024-05-08T13:38:27.980592 0.0 1.0 1.0 0.0
2024-05-08T13:38:28.981903 8.9 6.9 37.9 3.1
2024-05-08T13:38:29.982678 20.2 58.1 31.5 13.1
2024-05-08T13:38:30.984217 9.5 52.0 43.6 10.4
2024-05-08T13:38:31.985527 20.9 73.0 11.9 12.2
2024-05-08T13:38:32.986705 13.3 43.0 50.4 7.5
2024-05-08T13:38:33.988018 12.4 5.2 47.1 7.1
2024-05-08T13:38:34.989341 1.0 0.0 0.0 0.0
2024-05-08T13:38:35.990752 10.0 27.1 39.3 7.4
2024-05-08T13:38:36.992147 16.7 31.1 63.7 14.3
2024-05-08T13:38:37.993605 15.7 52.1 44.6 12.5
2024-05-08T13:38:38.994784 19.0 16.0 74.6 15.2
2024-05-08T13:38:39.996263 12.2 45.5 50.4 11.6
2024-05-08T13:38:40.997620 6.9 21.0 18.7 3.1
2024-05-08T13:38:41.998661 0.0 0.0 0.0 0.0
2024-05-08T13:38:43.000086 18.3 28.7 52.2 7.5
2024-05-08T13:38:44.001460 26.3 61.4 36.9 10.8
2024-05-08T13:38:45.002816 28.9 15.5 80.0 12.6
2024-05-08T13:38:46.004254 24.3 37.6 63.2 14.4
2024-05-08T13:38:47.005597 31.2 28.0 69.7 11.6
2024-05-08T13:38:48.006897 3.0 19.0 1.0 2.0
2024-05-08T13:38:49.008220 2.0 1.0 0.0 2.0
2024-05-08T13:38:50.009622 23.5 12.8 85.5 5.6
2024-05-08T13:38:51.010753 26.4 18.2 84.2 17.6
2024-05-08T13:38:52.012180 26.9 18.8 82.1 13.3
2024-05-08T13:38:53.013543 19.8 82.5 16.0 12.5
2024-05-08T13:38:54.014662 26.4 49.5 53.6 12.2
2024-05-08T13:38:55.015963 0.0 1.0 0.0 0.0
2024-05-08T13:38:56.017465 3.0 16.8 8.0 6.1
2024-05-08T13:38:57.018793 22.8 12.4 87.0 18.3
2024-05-08T13:38:58.020447 31.8 16.8 88.5 12.9
2024-05-08T13:38:59.021835 26.3 16.0 88.6 17.2
2024-05-08T13:39:00.023328 20.7 54.8 53.8 16.1
2024-05-08T13:39:01.024653 18.8 47.6 39.0 10.3
2024-05-08T13:39:02.025978 1.0 1.0 1.0 0.0
2024-05-08T13:39:03.027458 5.1 40.4 8.2 8.1
2024-05-08T13:39:04.028886 25.9 76.6 33.7 10.8
2024-05-08T13:39:05.030504 21.7 81.8 31.2 12.8
2024-05-08T13:39:06.031955 19.2 91.0 20.0 15.5
2024-05-08T13:39:07.033392 26.8 53.3 65.0 12.6
2024-05-08T13:39:08.034618 16.0 6.3 58.4 4.3
2024-05-08T13:39:09.035906 0.0 1.0 1.0 0.0
2024-05-08T13:39:10.037440 5.1 55.6 15.3 16.3
2024-05-08T13:39:11.038920 18.9 100.0 22.0 28.6
2024-05-08T13:39:12.040420 17.4 100.0 16.0 31.0
2024-05-08T13:39:13.041947 16.8 100.0 21.2 27.8
2024-05-08T13:39:14.042777 20.4 100.0 23.1 19.8
2024-05-08T13:39:15.044153 5.0 40.0 9.1 5.3
2024-05-08T13:39:16.045421 1.0 0.0 0.0 0.0
2024-05-08T13:39:17.046743 11.3 81.4 12.8 16.5
2024-05-08T13:39:18.048245 16.8 100.0 25.0 25.8
2024-05-08T13:39:19.049766 17.5 100.0 25.5 24.5
2024-05-08T13:39:20.050850 22.2 100.0 19.8 28.6
2024-05-08T13:39:21.052408 19.2 100.0 26.7 27.1
2024-05-08T13:39:22.053769 4.0 19.2 6.9 3.1
2024-05-08T13:39:23.055233 0.0 0.0 2.0 0.0
2024-05-08T13:39:24.056605 18.4 44.9 73.5 21.6
2024-05-08T13:39:25.058138 19.4 100.0 27.3 22.9
2024-05-08T13:39:26.058781 18.4 100.0 27.0 21.5
2024-05-08T13:39:27.060276 20.6 100.0 30.4 22.9
2024-05-08T13:39:28.061682 25.2 99.0 28.4 17.8
2024-05-08T13:39:29.063000 2.0 2.0 2.0 2.0
2024-05-08T13:39:30.064531 4.0 5.9 22.8 9.0
2024-05-08T13:39:31.065369 25.0 23.8 100.0 28.7
2024-05-08T13:39:32.066913 20.0 22.4 100.0 36.7
2024-05-08T13:39:33.068457 15.0 17.0 100.0 29.2
2024-05-08T13:39:34.070081 20.0 20.6 100.0 33.0
2024-05-08T13:39:35.071441 11.9 30.7 64.6 25.3
2024-05-08T13:39:36.072737 1.0 1.0 0.0 1.0
2024-05-08T13:39:37.074209 5.2 8.0 42.0 10.2
2024-05-08T13:39:38.074812 19.4 73.8 48.0 29.7
2024-05-08T13:39:39.076295 19.4 100.0 18.6 25.3
2024-05-08T13:39:40.077851 20.8 100.0 19.0 26.8
2024-05-08T13:39:41.078744 16.8 100.0 17.5 18.4
2024-05-08T13:39:42.080035 16.8 58.6 15.5 10.6
2024-05-08T13:39:43.081327 0.0 1.0 0.0 0.0
2024-05-08T13:39:44.082846 10.0 62.6 7.4 18.2
2024-05-08T13:39:45.084302 17.3 100.0 16.5 26.3
2024-05-08T13:39:46.085863 16.8 100.0 15.8 27.3
2024-05-08T13:39:47.086870 21.8 100.0 16.5 27.6
2024-05-08T13:39:48.088499 17.3 100.0 19.6 24.5
2024-05-08T13:39:49.089820 6.1 38.0 7.1 10.2
2024-05-08T13:39:50.091171 2.0 1.0 2.0 2.0
2024-05-08T13:39:51.092646 13.1 56.7 36.4 17.8
2024-05-08T13:39:52.094311 17.6 100.0 18.0 30.0
2024-05-08T13:39:53.095941 22.2 100.0 14.4 24.2
2024-05-08T13:39:54.097413 22.2 100.0 16.3 27.8
2024-05-08T13:39:55.098813 18.3 100.0 12.6 26.3
2024-05-08T13:39:56.100198 6.7 19.8 3.0 6.0
2024-05-08T13:39:57.101592 0.0 0.0 1.0 1.0
2024-05-08T13:39:58.102830 23.5 37.4 83.2 16.7
2024-05-08T13:39:59.104221 23.2 100.0 23.1 13.4
2024-05-08T13:40:00.105624 21.4 100.0 18.8 16.8
2024-05-08T13:40:01.106673 26.2 100.0 16.5 13.4
2024-05-08T13:40:02.107966 25.2 99.0 16.2 15.0
2024-05-08T13:40:03.109252 1.0 1.0 1.0 1.0
2024-05-08T13:40:04.110744 3.0 3.0 20.2 6.9
2024-05-08T13:40:05.112183 23.6 22.1 100.0 21.0
2024-05-08T13:40:06.113711 21.9 89.9 32.0 26.0
2024-05-08T13:40:07.114741 22.1 100.0 24.0 20.6
2024-05-08T13:40:08.116286 17.2 100.0 24.5 19.6
2024-05-08T13:40:09.117658 25.7 79.6 19.4 16.3
2024-05-08T13:40:10.118993 1.0 0.0 1.0 0.0
2024-05-08T13:40:11.120370 6.9 39.4 5.0 8.1
2024-05-08T13:40:12.121871 23.9 100.0 10.4 15.1
2024-05-08T13:40:13.122807 25.0 100.0 16.0 18.6
2024-05-08T13:40:14.124231 25.9 57.8 68.0 21.0
2024-05-08T13:40:15.125668 32.2 30.3 100.0 15.4
2024-05-08T13:40:16.126636 16.0 17.3 61.0 15.0
2024-05-08T13:40:17.127969 1.0 0.0 1.0 0.0
2024-05-08T13:40:18.129263 1.0 1.0 1.0 1.0
2024-05-08T13:40:19.130582 1.0 2.0 0.0 1.0
2024-05-08T13:40:20.131898 1.0 0.0 1.0 0.0
2024-05-08T13:40:21.133239 0.0 0.0 0.0 0.0
2024-05-08T13:40:22.134551 1.0 0.0 0.0 1.0
2024-05-08T13:40:23.135816 1.0 0.0 0.0 0.0
