#type       avg     std     min      p5     p10     p50     p67     p75     p80     p85     p90     p95     p99    p999   p9999      QPS   target       ts_start         ts_end
read      370.5   502.8   148.8   220.9   236.4   326.2   373.1   399.8   420.1   443.7   474.8   529.8   739.6  8315.6 20901.8  30009.5    30000  1714662860053  1714662870230
read      358.6   539.8   148.8   225.2   239.7   311.1   349.1   373.5   392.7   414.9   443.4   487.8   635.8  8710.6 19933.0  30043.3    30005  1714662871738  1714662881900
read      350.8   351.9   160.7   228.2   243.1   318.7   361.8   387.3   404.7   427.8   456.7   500.2   611.8  4595.4 16725.5  30004.0    30010  1714662883410  1714662893526
read      365.1   386.0   160.7   227.9   243.4   324.1   369.5   396.9   417.6   441.9   473.5   527.0   765.4  6285.7 12862.6  30006.1    30015  1714662895034  1714662905157
read      355.5   391.7   160.7   227.5   242.0   315.9   357.2   382.8   401.4   425.5   456.3   502.6   671.4  7147.0 12750.6  30080.1    30020  1714662906666  1714662916783
read      370.5   377.8   160.7   232.0   248.3   338.0   387.5   415.1   434.4   458.0   487.2   531.9   661.4  5035.8 15672.7  29957.5    30025  1714662918291  1714662928407
read      354.9   428.5   160.7   225.8   240.6   316.9   359.2   385.0   403.1   426.3   454.7   496.7   623.0  8020.7 17519.2  30080.9    30030  1714662929915  1714662940032
read      363.3   318.6   160.7   229.9   245.6   330.4   376.6   404.1   424.9   448.5   477.3   522.9   661.6  4791.8 12379.9  30041.4    30035  1714662941540  1714662951656
read      366.6   390.7   160.7   230.5   245.9   329.8   376.3   404.0   424.2   446.8   473.6   517.0   665.1  5969.3 15604.3  29973.0    30040  1714662953165  1714662963277
read      359.1   357.9   160.7   225.5   240.7   320.6   364.1   391.4   411.4   434.6   464.3   508.5   745.7  6150.4 13361.6  30137.1    30045  1714662964785  1714662974898
read      345.8   219.1   160.7   230.2   245.2   320.2   362.1   389.6   410.6   435.8   466.0   506.6   591.6  2212.9  9235.0  30043.1    30050  1714662976406  1714662986518
read      352.1   251.3   160.7   232.9   248.6   327.5   368.7   394.9   414.6   437.1   465.8   504.9   594.3  3287.6 11073.8  29992.4    30055  1714662988028  1714662998146
read      365.2   259.6   160.7   238.9   256.2   339.3   382.8   409.2   429.6   453.8   483.4   528.0   638.3  3096.9 12076.4  30037.9    30060  1714662999654  1714663009769
read      363.5   260.9   160.7   237.1   255.0   339.0   382.3   408.7   429.7   454.8   486.3   532.4   630.0  2380.1 12508.6  29979.5    30065  1714663011277  1714663021397
read      357.2   229.4   160.7   234.6   250.8   334.4   377.1   403.0   423.6   446.8   474.3   514.3   612.5  2326.4  8788.8  30092.2    30070  1714663022904  1714663033018
read      355.5   233.1   148.8   231.7   248.2   332.5   375.1   401.5   422.4   446.3   474.7   516.4   616.0  2252.7 10327.7  29998.0    30075  1714663034528  1714663044642
Connection.cc(491): Unexpected EOF from server.
Connection.cc(491): Unexpected EOF from server.
Connection.cc(491): Unexpected EOF from server.
