2024-05-09T12:45:58.124784 0.0 0.0 0.0 0.0
2024-05-09T12:45:59.126099 0.0 1.0 1.0 1.0
2024-05-09T12:46:00.127394 0.0 0.0 0.0 0.0
2024-05-09T12:46:01.128679 0.0 1.0 0.0 1.0
2024-05-09T12:46:02.129982 2.0 1.0 0.0 0.0
2024-05-09T12:46:03.131293 0.0 1.0 1.0 0.0
2024-05-09T12:46:04.132586 0.0 0.0 1.0 1.0
2024-05-09T12:46:05.133875 1.0 0.0 0.0 1.0
2024-05-09T12:46:06.135161 0.0 0.0 0.0 0.0
2024-05-09T12:46:07.136461 1.0 0.0 0.0 0.0
2024-05-09T12:46:08.137808 1.0 0.0 0.0 0.0
2024-05-09T12:46:09.139142 0.0 1.0 0.0 1.0
2024-05-09T12:46:10.140436 0.0 1.0 2.0 0.0
2024-05-09T12:46:11.141754 3.9 2.0 3.0 2.0
2024-05-09T12:46:12.143039 1.0 2.0 1.0 1.0
2024-05-09T12:46:13.144351 0.0 0.0 0.0 0.0
2024-05-09T12:46:14.145624 1.0 0.0 2.0 1.0
2024-05-09T12:46:15.145951 0.0 0.0 1.0 0.0
2024-05-09T12:46:16.147249 1.0 1.0 0.0 0.0
2024-05-09T12:46:17.148580 1.0 0.0 0.0 0.0
2024-05-09T12:46:18.149898 0.0 1.0 1.0 2.0
2024-05-09T12:46:19.151184 0.0 0.0 0.0 0.0
2024-05-09T12:46:20.152471 0.0 1.0 0.0 0.0
2024-05-09T12:46:21.153791 2.0 0.0 2.0 0.0
2024-05-09T12:46:22.155092 0.0 1.0 2.0 2.0
2024-05-09T12:46:23.155768 0.0 0.0 0.0 0.0
2024-05-09T12:46:24.157052 2.0 1.0 0.0 1.0
2024-05-09T12:46:25.158347 0.0 2.0 1.0 0.0
2024-05-09T12:46:26.159613 1.0 2.0 2.0 0.0
2024-05-09T12:46:27.160916 4.9 6.0 3.1 1.0
2024-05-09T12:46:28.162186 2.0 4.0 7.8 3.0
2024-05-09T12:46:29.163467 3.0 5.1 7.8 2.0
2024-05-09T12:46:30.164755 2.0 7.8 4.1 3.0
2024-05-09T12:46:31.166032 2.0 3.0 5.0 1.0
2024-05-09T12:46:32.167326 0.0 0.0 1.0 0.0
2024-05-09T12:46:33.168582 9.3 15.9 16.7 3.9
2024-05-09T12:46:34.169915 13.4 29.7 29.1 8.6
2024-05-09T12:46:35.171200 14.3 30.2 27.2 7.7
2024-05-09T12:46:36.172501 13.4 32.3 32.3 5.8
2024-05-09T12:46:37.173896 13.4 34.8 28.6 8.6
2024-05-09T12:46:38.175174 10.9 20.3 14.4 3.0
2024-05-09T12:46:39.176464 1.0 0.0 0.0 0.0
2024-05-09T12:46:40.177918 8.5 34.1 32.6 8.5
2024-05-09T12:46:41.178983 17.1 45.9 47.2 19.3
2024-05-09T12:46:42.180262 21.3 43.9 43.0 11.2
2024-05-09T12:46:43.181688 19.3 42.7 42.7 11.1
2024-05-09T12:46:44.183035 13.5 41.5 44.1 14.4
2024-05-09T12:46:45.184357 6.6 21.0 20.3 4.9
2024-05-09T12:46:46.185644 1.0 1.0 0.0 0.0
2024-05-09T12:46:47.186096 15.8 43.0 41.3 16.7
2024-05-09T12:46:48.187384 24.0 50.0 46.8 23.1
2024-05-09T12:46:49.188690 23.4 48.4 48.4 19.5
2024-05-09T12:46:50.190045 25.2 48.1 48.1 21.0
2024-05-09T12:46:51.191329 23.4 50.0 48.1 16.1
2024-05-09T12:46:52.192658 6.6 13.4 11.1 4.8
2024-05-09T12:46:53.194114 1.0 1.0 0.0 0.0
2024-05-09T12:46:54.195392 26.4 50.0 49.7 20.7
2024-05-09T12:46:55.196667 25.0 49.7 50.6 15.5
2024-05-09T12:46:56.198121 25.6 48.4 50.0 16.8
2024-05-09T12:46:57.199405 26.0 50.6 49.3 21.8
2024-05-09T12:46:58.200096 28.5 48.4 50.3 19.7
2024-05-09T12:46:59.201419 2.0 1.0 0.0 0.0
2024-05-09T12:47:00.202022 4.9 12.1 13.6 2.0
2024-05-09T12:47:01.203345 30.2 53.4 54.1 16.1
2024-05-09T12:47:02.204620 28.3 54.0 54.1 14.5
2024-05-09T12:47:03.206014 32.6 52.9 52.9 12.0
2024-05-09T12:47:04.207327 29.1 51.9 52.6 19.1
2024-05-09T12:47:05.208599 29.0 45.9 45.9 9.5
2024-05-09T12:47:06.209937 1.0 0.0 1.0 1.0
2024-05-09T12:47:07.211203 11.1 27.3 25.2 7.8
2024-05-09T12:47:08.212481 35.5 55.3 55.3 26.9
2024-05-09T12:47:09.213988 32.1 55.6 56.2 30.4
2024-05-09T12:47:10.215349 33.1 55.1 54.7 26.7
2024-05-09T12:47:11.216645 32.8 55.3 55.0 22.1
2024-05-09T12:47:12.217930 23.4 40.9 38.6 15.6
2024-05-09T12:47:13.218323 1.0 0.0 0.0 1.0
2024-05-09T12:47:14.219659 18.3 37.7 38.0 15.5
2024-05-09T12:47:15.220939 33.6 56.8 57.5 23.1
2024-05-09T12:47:16.222236 29.5 56.5 57.7 21.9
2024-05-09T12:47:17.223542 28.6 57.1 59.5 23.9
2024-05-09T12:47:18.224815 25.4 56.6 57.8 21.1
2024-05-09T12:47:19.225961 11.9 31.5 30.9 10.4
2024-05-09T12:47:20.227253 1.0 0.0 0.0 1.0
2024-05-09T12:47:21.228518 27.6 49.3 49.6 13.3
2024-05-09T12:47:22.229994 32.1 59.3 59.1 17.4
2024-05-09T12:47:23.231314 28.9 58.9 58.7 18.0
2024-05-09T12:47:24.232582 32.3 59.1 60.0 23.3
2024-05-09T12:47:25.234057 29.7 60.0 60.4 19.8
2024-05-09T12:47:26.235413 12.5 19.5 21.1 3.0
2024-05-09T12:47:27.236698 2.0 1.0 1.0 0.0
2024-05-09T12:47:28.238214 25.6 59.2 58.9 28.1
2024-05-09T12:47:29.239609 28.8 61.1 61.1 30.9
2024-05-09T12:47:30.240864 28.2 61.8 61.1 32.3
2024-05-09T12:47:31.242160 28.2 61.4 61.7 31.5
2024-05-09T12:47:32.243501 25.8 60.9 61.3 28.0
2024-05-09T12:47:33.244807 2.0 4.9 4.0 1.0
2024-05-09T12:47:34.246242 8.5 14.0 13.9 5.8
2024-05-09T12:47:35.247739 31.1 63.1 62.0 30.5
2024-05-09T12:47:36.249097 32.2 64.0 63.1 28.1
2024-05-09T12:47:37.250508 35.2 63.1 63.2 25.9
2024-05-09T12:47:38.251893 31.7 63.3 62.7 31.7
2024-05-09T12:47:39.253196 33.3 56.7 55.9 23.9
2024-05-09T12:47:40.254514 1.0 0.0 0.0 2.0
2024-05-09T12:47:41.255782 13.8 27.8 29.9 12.1
2024-05-09T12:47:42.257052 34.1 64.3 64.3 24.5
2024-05-09T12:47:43.258204 36.6 65.1 65.1 25.9
2024-05-09T12:47:44.259668 36.7 65.0 64.7 27.2
2024-05-09T12:47:45.260981 30.8 64.8 64.5 29.7
2024-05-09T12:47:46.262292 24.1 47.7 48.5 24.1
2024-05-09T12:47:47.263572 1.0 1.0 0.0 2.0
2024-05-09T12:47:48.264891 20.7 45.8 42.6 12.5
2024-05-09T12:47:49.266174 31.0 68.9 65.0 26.1
2024-05-09T12:47:50.267584 34.1 68.9 64.7 23.2
2024-05-09T12:47:51.268915 33.3 69.7 66.2 26.1
2024-05-09T12:47:52.270131 30.4 70.1 65.4 23.9
2024-05-09T12:47:53.270439 21.2 36.0 35.3 15.5
2024-05-09T12:47:54.271737 0.0 1.0 1.0 0.0
2024-05-09T12:47:55.272170 32.3 55.6 54.3 10.8
2024-05-09T12:47:56.273616 35.0 71.8 68.2 19.4
2024-05-09T12:47:57.275130 35.8 73.1 71.0 23.0
2024-05-09T12:47:58.276434 39.7 70.8 67.9 22.8
2024-05-09T12:47:59.277922 35.2 70.5 67.4 15.4
2024-05-09T12:48:00.279220 8.7 21.3 21.3 7.6
2024-05-09T12:48:01.280494 1.0 2.0 1.0 1.0
2024-05-09T12:48:02.282065 36.4 66.9 68.2 18.3
2024-05-09T12:48:03.283480 39.7 71.6 72.4 22.2
2024-05-09T12:48:04.284753 38.7 69.6 71.6 24.3
2024-05-09T12:48:05.286175 32.1 70.5 71.1 25.7
2024-05-09T12:48:06.287672 36.2 70.8 71.6 22.7
2024-05-09T12:48:07.289051 2.0 4.9 6.8 0.0
2024-05-09T12:48:08.290329 5.8 14.3 12.5 3.0
2024-05-09T12:48:09.291682 37.1 76.4 71.3 36.0
2024-05-09T12:48:10.293105 35.2 75.8 71.0 38.1
2024-05-09T12:48:11.294616 37.8 75.2 70.6 37.4
2024-05-09T12:48:12.296044 33.9 75.2 71.0 37.6
2024-05-09T12:48:13.297099 33.3 68.3 64.1 28.6
2024-05-09T12:48:14.298430 2.0 1.0 1.0 1.0
2024-05-09T12:48:15.300011 15.6 29.2 29.6 7.1
2024-05-09T12:48:16.301636 35.0 78.7 78.7 31.8
2024-05-09T12:48:17.303240 35.0 79.4 78.2 30.6
2024-05-09T12:48:18.304591 37.3 77.0 76.8 36.4
2024-05-09T12:48:19.306185 34.4 77.0 75.8 28.0
2024-05-09T12:48:20.307489 23.9 55.6 55.6 17.8
2024-05-09T12:48:21.308779 0.0 3.0 2.0 2.9
2024-05-09T12:48:22.310337 19.8 45.5 43.9 16.2
2024-05-09T12:48:23.311949 35.8 83.2 78.7 38.7
2024-05-09T12:48:24.313595 37.8 82.4 78.7 34.0
2024-05-09T12:48:25.315237 35.7 79.8 76.4 31.4
2024-05-09T12:48:26.316584 35.0 81.8 77.6 36.7
2024-05-09T12:48:27.317582 18.2 43.2 42.6 19.8
2024-05-09T12:48:28.318906 1.0 1.0 0.0 0.0
2024-05-09T12:48:29.320378 21.2 66.1 64.3 25.0
2024-05-09T12:48:30.321187 36.9 87.6 82.5 34.8
2024-05-09T12:48:31.322204 33.9 86.1 81.7 22.4
2024-05-09T12:48:32.323675 33.6 87.6 84.0 35.3
2024-05-09T12:48:33.325091 34.2 85.5 81.0 32.1
2024-05-09T12:48:34.326417 11.4 26.9 27.1 10.7
2024-05-09T12:48:35.327691 1.0 0.0 0.0 0.0
2024-05-09T12:48:36.329133 25.2 78.0 73.9 31.7
2024-05-09T12:48:37.330320 33.3 91.7 86.1 36.5
2024-05-09T12:48:38.331322 31.4 87.6 82.9 40.5
2024-05-09T12:48:39.332936 29.3 87.0 81.7 30.0
2024-05-09T12:48:40.334312 32.8 86.7 81.7 36.4
2024-05-09T12:48:41.335651 5.8 12.9 13.7 7.8
2024-05-09T12:48:42.337046 2.0 6.9 5.0 4.0
2024-05-09T12:48:43.338189 36.0 89.1 87.8 42.5
2024-05-09T12:48:44.339770 34.5 89.1 87.6 38.2
2024-05-09T12:48:45.341210 31.0 91.7 90.7 33.3
2024-05-09T12:48:46.342208 33.1 90.0 89.3 36.4
2024-05-09T12:48:47.343516 29.8 86.1 82.9 33.3
2024-05-09T12:48:48.344797 0.0 0.0 0.0 0.0
2024-05-09T12:48:49.346084 13.2 25.7 27.7 6.9
2024-05-09T12:48:50.347537 32.7 86.8 99.0 24.8
2024-05-09T12:48:51.349059 37.3 89.1 100.0 22.3
2024-05-09T12:48:52.350656 36.6 90.1 100.0 25.9
2024-05-09T12:48:53.352160 35.2 89.3 100.0 24.0
2024-05-09T12:48:54.353483 24.3 67.0 73.3 17.6
2024-05-09T12:48:55.354773 0.0 0.0 0.0 0.0
2024-05-09T12:48:56.355828 19.2 45.7 44.3 7.9
2024-05-09T12:48:57.357573 40.9 92.6 90.1 40.0
2024-05-09T12:48:58.358345 37.5 95.2 91.7 42.5
2024-05-09T12:48:59.359944 41.1 93.5 90.8 37.8
2024-05-09T12:49:00.361644 35.8 92.5 90.1 38.8
2024-05-09T12:49:01.362971 24.1 51.0 50.0 20.2
2024-05-09T12:49:02.364327 0.0 0.0 0.0 0.0
2024-05-09T12:49:03.365881 27.9 66.3 63.8 21.0
2024-05-09T12:49:04.367370 41.3 96.2 92.6 31.3
2024-05-09T12:49:05.368844 44.0 97.1 92.6 32.0
2024-05-09T12:49:06.370232 38.1 98.0 93.4 34.0
2024-05-09T12:49:07.371775 39.0 97.1 93.5 34.9
2024-05-09T12:49:08.373069 14.4 32.4 30.4 12.6
2024-05-09T12:49:09.374382 0.0 1.0 1.0 0.0
2024-05-09T12:49:10.375836 35.5 87.9 85.4 16.7
2024-05-09T12:49:11.377300 42.0 100.0 99.0 14.6
2024-05-09T12:49:12.378064 39.3 100.0 98.1 22.6
2024-05-09T12:49:13.379509 41.3 100.0 100.0 21.9
2024-05-09T12:49:14.380938 39.4 100.0 99.0 17.2
2024-05-09T12:49:15.381968 5.9 12.9 11.1 4.0
2024-05-09T12:49:16.383272 0.0 0.0 1.0 0.0
2024-05-09T12:49:17.384535 0.0 0.0 0.0 0.0
