#type       avg     std     min      p5     p10     p50     p67     p75     p80     p85     p90     p95     p99    p999   p9999      QPS   target       ts_start         ts_end
read      379.6   464.5   160.7   224.6   249.9   353.6   392.7   414.4   429.3   447.4   468.9   505.1   613.7  6399.0 17277.7   4903.8     5000  1715109822461  1715109827892
read      418.4   279.6   160.7   211.4   228.9   400.6   467.1   501.8   526.9   555.3   593.6   661.6   814.6  3778.1 12647.6   9925.0    10000  1715109829397  1715109834758
read      445.0   306.8   160.7   211.8   227.7   397.6   490.1   544.4   585.1   636.7   715.6   840.5  1049.9  3290.5 11836.9  15103.6    15000  1715109836260  1715109841589
read      457.8   356.2   148.8   205.6   220.4   386.5   499.9   567.1   617.9   682.5   790.1   948.5  1217.1  3288.4 14843.8  19982.4    20000  1715109843091  1715109848415
read      489.3   393.4   148.8   204.6   219.4   385.0   505.3   586.4   659.9   773.8   957.9  1184.8  1441.0  1924.9 12544.5  24986.8    25000  1715109849918  1715109855241
read      483.1   391.2   148.8   203.4   218.0   365.0   480.4   558.1   635.4   766.1   968.2  1250.7  1539.4  2035.9 12193.8  30037.8    30000  1715109856744  1715109862070
read      481.3   391.7   148.8   202.0   216.0   357.6   470.8   551.2   625.7   741.4   969.2  1298.6  1618.7  2231.8 11229.2  34943.4    35000  1715109863573  1715109868883
read      500.7   450.0   148.8   202.2   216.4   351.4   462.3   541.9   614.2   747.0  1067.5  1459.0  1931.2  2729.1 12325.1  40054.6    40000  1715109870386  1715109875685
read      487.3   448.1   148.8   200.5   215.5   340.7   443.8   522.9   586.9   701.3  1006.3  1436.5  1976.2  2547.3 12386.3  44855.2    45000  1715109877188  1715109882479
read      493.2   461.8   148.8   199.2   214.6   346.9   452.8   529.5   595.2   709.1   953.8  1431.9  2162.6  2865.6 12193.3  50125.2    50000  1715109883981  1715109889280
read      499.2   509.5   148.8   200.5   214.5   335.6   423.9   499.6   568.2   673.3   953.1  1580.8  2548.3  3368.5 11176.3  55069.4    55000  1715109890784  1715109896080
read      467.5   514.4   148.8   197.3   211.0   309.6   379.1   440.9   499.2   584.1   841.7  1552.2  2468.3  3388.6 15306.7  59974.2    60000  1715109897582  1715109902886
read      492.3   478.6   148.8   203.8   219.7   343.8   442.4   521.8   590.0   698.0   921.7  1403.7  2268.4  3272.3 12857.6  64922.8    65000  1715109904389  1715109909683
read      514.8   473.6   148.8   211.4   230.9   377.0   494.3   572.6   637.1   732.9   914.4  1347.9  2251.7  3327.9 12734.0  69979.8    70000  1715109911186  1715109916487
read      915.6   704.7   148.8   212.3   230.5   816.0  1084.4  1250.1  1372.8  1535.0  1730.7  2048.1  2978.1  4326.2 16564.6  70833.8    75000  1715109917991  1715109923284
read      851.4   507.8   148.8   210.0   232.0   830.3   988.6  1081.4  1163.0  1273.1  1418.5  1644.1  2167.4  3640.2 12763.9  76033.1    80000  1715109924787  1715109930101
read      888.8   665.5   148.8   215.5   234.9   790.4  1043.0  1183.2  1301.3  1446.2  1641.9  1964.7  2866.3  4564.8 15727.6  73506.0    85000  1715109931605  1715109936899
read      920.2   682.0   148.8   208.4   223.4   838.5  1096.4  1267.6  1389.0  1551.4  1749.7  2081.0  2931.3  4191.5 15346.3  70997.1    90000  1715109938403  1715109943700
read      929.1   756.4   148.8   212.3   229.9   808.4  1093.6  1270.1  1402.4  1570.0  1781.4  2160.5  3141.6  5565.4 17707.2  70458.8    95000  1715109945204  1715109950497
read      861.6   602.1   148.8   207.3   225.0   818.7   998.8  1105.9  1208.3  1331.6  1500.5  1768.6  2504.6  4367.5 16840.0  75871.0   100000  1715109952001  1715109957301
read      868.3   691.7   148.8   213.1   231.3   758.5  1014.1  1152.9  1276.1  1430.1  1625.8  1950.5  2913.0  4685.7 20184.7  75377.0   105000  1715109958804  1715109964110
read      887.8   629.9   148.8   209.3   225.9   823.1  1046.6  1178.6  1294.6  1434.2  1615.2  1912.3  2730.0  4305.5 15082.0  73577.2   110000  1715109965614  1715109970910
read      907.6   714.8   148.8   209.6   225.3   824.4  1067.8  1222.3  1340.9  1492.8  1685.4  2018.5  2905.7  4916.3 20097.0  72303.9   115000  1715109972413  1715109977711
read      910.7   663.7   148.8   216.2   235.2   836.9  1065.1  1206.4  1322.6  1466.5  1642.6  1938.8  2745.2  5222.3 17721.3  71872.8   120000  1715109979215  1715109984524
read      948.3   863.6   148.8   213.7   230.9   790.4  1093.3  1288.0  1434.7  1617.4  1864.3  2311.7  3444.2  7287.1 25302.1  69403.1   125000  1715109986027  1715109991337
Warning! Detected max cpu usage > 95%
CPU Usage Stats (avg/min/max): 87.56%,52.76%,100.00%
