#type       avg     std     min      p5     p10     p50     p67     p75     p80     p85     p90     p95     p99    p999   p9999     QPS   target
read      417.6   372.0   160.7   236.3   272.4   386.8   436.2   463.5   482.7   503.9   532.7   575.5   702.8  6729.6 10200.4   4968.8     5000
read      496.6   314.3   160.7   229.6   256.2   482.1   560.3   599.8   627.7   661.0   703.6   774.9   933.5  4245.5  9878.4   9973.0    10000
read      564.6   512.7   160.7   227.9   258.6   521.1   624.1   686.6   733.1   786.8   852.2   947.3  1160.0  7081.7 23028.5  14991.4    15000
read      581.4   477.2   160.7   225.7   253.8   544.3   640.9   712.9   766.8   824.6   889.0   980.4  1205.4  6070.0 19999.2  19925.0    20000
read      595.5   399.5   160.7   225.3   252.4   560.6   671.4   742.7   799.7   863.7   939.4  1051.4  1327.0  4815.4 14743.1  25153.7    25000
read      609.5   471.3   160.7   224.7   251.1   567.9   695.5   770.4   825.5   891.0   971.7  1087.5  1383.7  5950.5 19250.6  30043.4    30000
read      617.2   468.2   160.7   223.0   251.0   577.3   716.7   788.5   839.2   899.0   977.8  1095.4  1420.3  4840.3 16228.9  34960.0    35000
read      630.8   493.9   160.7   227.6   257.9   572.3   720.5   805.7   864.6   933.9  1023.7  1170.6  1548.2  6041.0 16177.1  40008.7    40000
read      645.5   494.8   160.7   232.6   268.6   583.3   734.0   819.7   880.9   950.9  1048.4  1201.6  1585.0  4985.3 19358.4  44961.8    45000
read      714.2   524.7   148.8   253.4   303.0   638.4   811.3   904.3   966.7  1039.6  1147.8  1368.8  1913.0  4984.8 20472.7  50242.9    50000
read     1305.3   895.4   173.5   965.9  1008.6  1120.6  1170.7  1210.7  1267.7  1934.3  2111.5  2226.9  2383.6 15386.4 32952.7  51413.1    55000
Warning! Detected max cpu usage > 95%
CPU Usage Stats (avg/min/max): 76.87%,0.50%,100.00%
