#type       avg     std     min      p5     p10     p50     p67     p75     p80     p85     p90     p95     p99    p999   p9999     QPS   target
read      425.5   404.6   173.5   236.1   272.9   393.4   448.5   475.8   495.9   518.4   545.9   589.8   769.2  6360.1 14596.1   5042.2     5000
read      511.6   457.6   160.7   229.4   258.7   492.3   569.4   609.1   636.0   670.7   715.1   787.2   966.3  4663.1 20192.8   9995.6    10000
read      532.5   351.6   160.7   230.9   256.9   500.8   607.1   669.6   712.6   759.0   812.7   890.7  1063.4  4048.6 12814.0  14981.2    15000
read      580.1   504.9   160.7   227.5   256.0   535.4   637.2   710.5   768.1   829.6   897.5   996.8  1233.4  6060.4 18971.0  20009.4    20000
read      594.1   443.5   148.8   225.9   253.0   560.0   670.3   740.2   797.6   862.4   939.7  1055.2  1319.0  3574.9 19497.7  25036.0    25000
read      614.5   496.4   160.7   225.2   253.2   579.1   701.5   771.1   823.4   885.9   966.6  1078.6  1383.6  6881.4 15993.6  29936.6    30000
read      621.8   499.8   160.7   225.0   253.1   578.4   715.5   788.4   840.9   904.5   989.5  1111.2  1459.8  5956.7 18819.0  34902.6    35000
read      624.9   518.6   160.7   226.4   257.9   579.5   719.5   794.8   848.1   911.0   994.5  1120.1  1452.1  5015.7 24314.9  40017.6    40000
read      632.4   517.5   148.8   232.3   264.7   565.9   710.8   796.0   860.4   936.7  1038.2  1199.2  1564.6  7192.9 19306.3  44906.4    45000
read      782.2   553.2   148.8   277.8   342.9   729.9   879.0   959.4  1016.1  1085.2  1199.5  1483.3  2000.8  6538.5 19996.7  49861.2    50000
read     1337.5   889.1   173.5   994.2  1031.7  1152.7  1202.5  1250.9  1281.2  1968.5  2176.9  2303.7  2508.2 14262.7 31010.9  50100.6    55000
Warning! Detected max cpu usage > 95%
CPU Usage Stats (avg/min/max): 77.31%,2.04%,100.00%
