#type       avg     std     min      p5     p10     p50     p67     p75     p80     p85     p90     p95     p99    p999   p9999     QPS   target
read      407.9   475.6   160.7   235.6   264.1   374.7   424.7   453.4   473.6   496.4   524.5   567.3   681.4  7738.3 20907.5   4995.6     5000
read      486.3   345.7   160.7   227.5   253.5   468.5   546.2   586.0   614.6   645.9   687.9   756.5   917.9  4708.4 11984.8   9892.6    10000
read      538.6   373.2   160.7   225.6   251.3   502.1   606.2   668.3   713.3   765.5   827.9   921.3  1099.5  4704.3 15571.9  14953.0    15000
read      580.4   412.9   160.7   225.8   252.8   541.5   644.3   718.6   772.5   830.1   897.6   997.8  1239.7  7605.9 12663.7  20013.1    20000
read      601.2   554.5   160.7   225.4   251.8   550.8   665.5   738.8   796.0   861.1   937.9  1064.0  1362.3  8071.0 19951.2  25021.4    25000
read      594.4   465.4   148.8   222.1   246.7   523.9   663.6   757.0   824.2   902.1   999.8  1140.4  1406.6  6797.0 15774.6  29980.5    30000
read      619.0   467.6   160.7   227.1   255.6   576.2   715.9   790.9   843.9   906.9   988.0  1106.4  1429.4  6608.3 15877.2  35088.4    35000
read      594.7   460.1   160.7   224.1   249.0   513.4   654.0   753.2   832.0   927.0  1044.9  1205.4  1477.0  4153.0 16051.8  39800.4    40000
read      654.4   458.6   160.7   240.0   277.9   609.0   750.9   830.2   885.5   949.9  1034.7  1170.0  1552.4  4020.3 19086.5  44844.4    45000
read      689.4   464.5   160.7   263.2   314.2   644.9   786.6   859.2   914.4   982.8  1073.4  1221.8  1599.5  4294.0 17887.2  49961.6    50000
read     1374.6   897.1   160.7  1026.9  1059.4  1189.7  1249.3  1277.3  1335.5  1914.9  2240.5  2363.0  2552.7 14682.7 31137.5  48907.4    55000
Warning! Detected max cpu usage > 95%
CPU Usage Stats (avg/min/max): 75.13%,0.51%,100.00%
