#type       avg     std     min      p5     p10     p50     p67     p75     p80     p85     p90     p95     p99    p999   p9999     QPS   target
read      436.2   618.3   187.4   247.5   272.5   403.1   442.5   463.5   478.8   498.3   524.3   569.8   880.4  7783.4 28427.4   5026.2     5000
read      471.5   347.5   173.5   244.0   268.8   460.2   524.5   557.6   582.1   611.2   646.9   706.0   873.1  3841.6 16598.4   9983.0    10000
read      524.4   484.4   173.5   243.1   273.2   497.6   576.8   622.0   655.5   696.8   749.0   845.1  1012.1  4807.5 29196.7  14940.2    15000
read      559.0   411.1   173.5   239.9   267.5   525.0   612.1   669.0   716.4   778.4   858.5   951.0  1171.6  4834.4 12475.6  20122.2    20000
read      579.5   420.8   173.5   242.2   270.6   548.7   641.1   701.1   750.4   821.7   901.6   995.3  1184.5  4119.6 19420.1  25004.8    25000
read      592.8   389.5   173.5   241.3   268.6   561.8   663.9   728.9   785.0   854.3   933.2  1033.4  1274.8  4522.8 12201.4  29973.6    30000
read      596.0   383.0   173.5   239.0   266.2   556.0   670.9   741.5   801.2   871.0   953.5  1067.7  1372.6  3947.8 12527.6  34985.6    35000
read      611.3   408.5   173.5   245.0   273.5   546.1   675.9   766.7   839.9   920.1  1011.0  1161.3  1483.3  4064.7 12884.1  39991.6    40000
read      635.4   468.7   173.5   250.5   284.3   583.2   716.4   798.8   858.1   925.6  1006.9  1149.1  1473.6  4061.9 19039.0  45028.9    45000
read     1187.2   800.4   160.7   466.2   631.0  1090.9  1171.5  1231.6  1280.2  1667.4  2025.5  2197.0  2454.2 11790.2 28966.6  49562.8    50000
read     1206.9   723.8   173.5   786.1   870.4  1049.6  1122.1  1181.5  1396.9  1820.7  1969.1  2108.1  2319.3  8564.9 29503.0  53523.0    55000
Warning! Detected max cpu usage > 95%
CPU Usage Stats (avg/min/max): 75.48%,1.00%,100.00%
