#type       avg     std     min      p5     p10     p50     p67     p75     p80     p85     p90     p95     p99    p999   p9999     QPS   target
read      426.6   679.1   173.5   247.9   275.2   401.1   438.3   459.1   472.1   491.4   511.7   550.1   665.5  6859.1 33905.9   4938.0     5000
read      479.8   456.1   173.5   243.0   266.9   464.7   527.9   561.1   584.8   613.2   647.0   707.2   901.0  4859.9 27902.9   9950.0    10000
read      521.4   365.6   173.5   241.7   270.2   494.4   572.2   618.0   651.5   693.4   757.7   850.6  1013.0  5681.8 12356.6  15014.4    15000
read      570.6   424.4   160.7   242.8   271.7   531.1   620.2   679.5   732.0   801.2   875.7   971.5  1203.1  5833.0 13431.2  20004.8    20000
read      576.9   387.0   173.5   239.2   267.5   550.2   639.6   700.0   755.6   823.8   897.1   981.5  1145.7  3924.0 15262.6  25016.4    25000
read      590.6   452.7   173.5   236.5   262.5   547.8   652.8   723.3   783.8   856.0   935.7  1051.6  1363.7  5077.3 15673.7  29898.4    30000
read      594.6   373.4   173.5   238.2   263.7   549.3   665.4   742.0   804.4   873.5   955.0  1081.0  1395.0  4122.9 11635.3  35117.6    35000
read      623.6   460.5   173.5   243.0   272.0   573.3   702.1   785.0   844.4   910.6   993.9  1135.4  1448.9  4285.8 16162.9  39781.0    40000
read      627.6   444.7   160.7   247.8   279.8   569.2   704.1   791.2   853.7   922.5  1007.6  1152.3  1478.2  5060.2 15151.5  44852.4    45000
read      665.1   424.9   173.5   262.0   307.9   615.0   748.6   829.4   886.2   953.4  1043.4  1197.8  1519.4  3965.2 15046.0  50068.0    50000
read     1299.5   791.4   160.7   907.2   959.0  1119.5  1182.8  1250.2  1359.7  1951.2  2105.2  2240.5  2447.9 11089.9 29497.9  51151.0    55000
Warning! Detected max cpu usage > 95%
CPU Usage Stats (avg/min/max): 73.27%,1.01%,100.00%
