#type       avg     std     min      p5     p10     p50     p67     p75     p80     p85     p90     p95     p99    p999   p9999     QPS   target
read      408.7   275.7   173.5   246.6   269.8   398.5   438.2   458.5   471.1   489.9   509.1   546.0   637.1  5124.4  9872.3   5012.2     5000
read      482.1   303.3   173.5   242.5   269.1   474.5   539.1   573.5   597.1   627.1   665.7   727.3   898.5  3304.2 11066.5  10032.8    10000
read      519.5   367.1   173.5   241.0   270.4   494.4   573.5   619.3   653.9   697.1   759.3   853.0  1008.7  4111.8 13417.2  15029.6    15000
read      560.5   373.9   173.5   239.7   268.7   531.3   617.0   672.0   720.2   785.1   859.4   945.6  1134.5  3942.6 13687.5  20025.0    20000
read      564.4   374.3   173.5   236.0   260.4   525.3   621.8   685.7   742.5   820.3   900.9  1004.9  1284.7  3819.5 13199.7  25054.0    25000
read      586.5   396.0   173.5   237.5   262.6   540.0   648.6   723.4   788.7   865.1   946.1  1068.4  1376.5  3958.2 12623.1  29956.0    30000
read      605.7   455.2   160.7   238.1   265.4   563.5   680.8   755.1   811.0   874.3   955.8  1071.0  1352.3  6220.5 15853.1  34922.2    35000
read      617.8   403.6   160.7   243.5   273.4   575.5   701.0   780.4   837.1   901.1   980.9  1108.9  1391.5  3965.0 11905.5  40241.7    40000
read      611.9   401.2   173.5   243.2   273.4   561.5   689.9   773.9   833.9   899.6   980.9  1117.3  1428.6  4179.2 13426.9  45010.8    45000
read     1267.2   778.4   173.5   654.1   861.1  1125.0  1205.8  1270.2  1394.8  1895.5  2085.8  2242.8  2487.5 11152.5 28985.3  49295.6    50000
read     1373.6   906.4   173.5   970.9  1027.8  1175.3  1246.2  1282.9  1380.9  2070.4  2222.7  2340.3  2549.1 15481.1 29936.5  48802.6    55000
Warning! Detected max cpu usage > 95%
CPU Usage Stats (avg/min/max): 75.88%,2.00%,100.00%
