#type       avg     std     min      p5     p10     p50     p67     p75     p80     p85     p90     p95     p99    p999   p9999     QPS   target
read      402.4   406.1   173.5   241.5   276.1   384.4   418.3   435.9   450.6   465.7   487.8   521.8   629.6  7696.3 15682.4   4975.4     5000
read      446.9   499.8   173.5   234.7   252.8   424.1   485.4   517.7   540.9   569.3   605.4   665.1   809.3  6475.2 19489.2   9978.2    10000
read      482.1   343.1   173.5   235.6   256.1   450.1   533.4   583.7   624.3   672.9   731.9   818.2   972.6  3017.3 12701.1  14938.4    15000
read      528.3   328.6   160.7   233.6   258.3   500.1   583.8   638.6   688.0   747.8   819.9   910.2  1068.5  3808.2 13956.8  19944.6    20000
read      550.2   315.4   160.7   234.3   258.8   510.2   611.8   677.6   733.2   802.0   885.2   998.2  1256.8  3042.2 10332.7  25028.4    25000
read      572.9   346.9   160.7   234.9   261.5   547.0   656.5   719.6   767.5   828.1   907.3  1008.2  1205.3  3323.5 14224.9  30022.4    30000
read      572.2   436.9   160.7   234.1   258.1   509.7   630.6   710.7   774.4   852.7   948.8  1096.7  1419.4  3846.9 14986.5  35125.2    35000
read      603.2   383.6   160.7   241.8   271.8   553.7   690.6   769.3   824.5   889.7   967.4  1085.1  1375.4  4017.3 12660.1  39879.4    40000
read      620.5   382.8   173.5   251.5   286.6   575.4   709.2   784.1   839.3   902.8   980.1  1095.2  1377.0  4489.9 13238.6  45126.8    45000
read     1243.2   884.4   160.7   571.7   840.5  1101.2  1168.1  1222.4  1282.6  1892.3  2081.5  2214.1  2434.6 13986.7 31817.1  49631.6    50000
read     1343.7   860.2   202.4   986.4  1027.6  1146.3  1190.7  1250.7  1315.9  2058.9  2181.5  2303.7  2505.4 12948.3 30008.4  49918.2    55000
Warning! Detected max cpu usage > 95%
CPU Usage Stats (avg/min/max): 83.84%,19.19%,100.00%
