#type       avg     std     min      p5     p10     p50     p67     p75     p80     p85     p90     p95     p99    p999   p9999     QPS   target
read      430.6   357.8   173.5   243.2   268.3   422.5   464.7   485.9   500.0   516.3   537.5   570.5   654.4  6387.4 12113.6   5030.8     5000
read      469.9   480.9   173.5   229.5   248.6   471.7   538.3   570.7   591.0   616.2   642.6   687.7   796.0  4578.3 24394.1   9959.4    10000
read      514.7   833.1   173.5   226.6   249.9   507.5   602.3   648.9   680.1   716.5   759.6   819.4   950.5  4056.5 12315.5  15019.8    15000
read      527.9  1000.1   173.5   225.3   247.4   500.0   598.8   657.0   698.4   748.9   808.6   901.7  1092.8  3800.7 15901.2  19837.0    20000
read      556.1   429.0   173.5   226.6   250.4   541.0   632.3   687.3   732.8   788.2   858.4   952.0  1099.0  3174.9 18792.3  24899.4    25000
read      569.8   661.6   160.7   227.8   254.3   556.3   649.4   704.7   748.5   805.1   879.7   987.2  1158.4  5408.3 14604.9  29894.6    30000
read      573.9   395.9   160.7   229.4   257.5   561.5   661.7   717.3   759.9   812.8   888.0   999.7  1168.3  2679.2 14189.4  34984.6    35000
read      598.7   351.6   160.7   239.7   271.5   577.1   688.2   749.1   795.3   852.7   931.0  1050.5  1253.1  3701.2 13089.8  39979.4    40000
read      606.1   375.9   173.5   240.5   271.9   555.4   686.3   767.0   823.7   889.4   979.2  1115.7  1468.4  3059.7 13697.6  44920.4    45000
read     1211.6   894.3   173.5   431.9   580.5  1147.4  1222.5  1263.4  1301.1  1384.3  2093.4  2308.1  2539.7 12641.1 30988.0  48752.8    50000
read     1261.0   774.5   187.4   905.6   955.0  1081.0  1144.2  1182.3  1269.2  1928.2  2062.6  2162.5  2352.7 11334.4 29409.7  52338.6    55000
Warning! Detected max cpu usage > 95%
CPU Usage Stats (avg/min/max): 81.29%,10.00%,100.00%
