#type       avg     std     min      p5     p10     p50     p67     p75     p80     p85     p90     p95     p99    p999   p9999     QPS   target
read      391.1   355.5   173.5   240.4   271.7   371.2   402.5   421.4   433.7   451.0   470.2   506.0   626.7  6163.0 12712.6   4973.8     5000
read      444.9   279.3   173.5   235.3   255.0   434.6   495.3   527.3   548.5   576.7   610.9   664.9   796.2  3801.7  9882.2   9906.2    10000
read      488.3   285.8   160.7   236.3   259.5   463.5   541.5   587.8   625.5   670.8   726.1   800.6   953.3  3140.5 12252.3  14935.7    15000
read      525.4   358.9   160.7   235.9   258.1   487.3   575.1   633.2   686.1   752.4   830.7   931.4  1146.2  3654.5 15063.5  20013.6    20000
read      548.9   315.0   160.7   235.6   260.5   523.3   617.2   677.3   727.2   788.8   864.9   958.1  1136.9  2679.6 10881.2  24936.4    25000
read      568.8   334.5   160.7   237.3   262.7   544.0   649.6   713.2   760.2   820.0   899.0   999.8  1172.9  2965.2 10880.9  29974.2    30000
read      580.5   439.5   160.7   236.4   261.2   516.7   638.4   721.9   784.2   858.8   951.7  1094.8  1457.5  5004.3 14104.6  35163.6    35000
read      586.2   384.1   160.7   239.7   267.0   533.3   664.2   744.9   801.5   867.8   945.4  1072.7  1383.2  3325.1 14605.6  39881.2    40000
read      627.3   390.2   160.7   253.5   289.8   584.5   725.9   800.9   853.5   913.0   988.4  1100.8  1366.0  3827.4 13811.2  45067.8    45000
read      656.9   386.9   160.7   276.2   324.1   609.5   746.8   823.4   878.2   943.3  1028.4  1157.9  1437.6  2332.5 12432.2  50087.3    50000
read     1395.8   960.1   187.4  1008.8  1049.3  1202.1  1261.9  1306.9  1370.3  2060.8  2263.0  2404.1  2600.7 16100.2 33420.1  48359.3    55000
Warning! Detected max cpu usage > 95%
CPU Usage Stats (avg/min/max): 87.34%,37.69%,100.00%
