#type       avg     std     min      p5     p10     p50     p67     p75     p80     p85     p90     p95     p99    p999   p9999     QPS   target
read      415.5   365.8   173.5   242.9   267.8   393.0   438.6   465.8   484.4   503.8   528.8   564.1   683.2  5951.5 13774.5   5014.0     5000
read      471.4   314.5   173.5   230.8   249.5   473.0   548.0   582.3   605.6   631.4   664.8   712.8   834.7  4211.4 13594.9  10056.6    10000
read      523.3   570.8   173.5   230.6   252.2   500.5   603.8   652.0   684.1   721.4   766.8   839.0  1031.4  6821.9 31010.3  15026.9    15000
read      539.9   318.9   173.5   225.3   250.2   524.8   623.7   682.2   725.9   775.7   833.7   912.8  1065.4  3931.8 10940.5  19941.8    20000
read      547.4   307.6   160.7   227.1   249.7   520.5   625.0   686.5   737.8   801.5   881.0   993.7  1235.6  1775.3  9710.5  25142.4    25000
read      562.0   329.0   160.7   227.0   250.5   537.8   642.5   704.6   752.5   817.0   903.8  1020.4  1299.5  1837.6 12077.8  30015.2    30000
read      573.5   365.2   160.7   228.3   252.6   539.8   656.7   724.3   776.4   842.9   932.9  1060.7  1346.1  2403.6 12220.7  34906.3    35000
read      607.0   430.5   173.5   235.2   265.6   565.8   691.2   765.8   818.6   880.7   967.9  1092.1  1373.0  5142.3 15730.2  40064.8    40000
read      601.8   362.0   160.7   238.9   272.5   574.2   692.2   758.8   806.8   864.1   939.8  1056.9  1277.4  3610.0 13476.6  44914.6    45000
read      592.0   369.9   173.5   240.4   273.7   520.0   650.2   753.3   832.1   912.8  1003.2  1130.7  1374.2  2710.0 12684.4  49935.4    50000
read     1341.3   864.9   173.5   990.8  1031.1  1156.1  1211.7  1256.8  1292.6  1989.1  2177.7  2307.9  2512.8 13471.4 30055.8  50019.1    55000
Warning! Detected max cpu usage > 95%
CPU Usage Stats (avg/min/max): 76.22%,1.50%,100.00%
