Random waveform, random seed
Total number of intervals = 100 (60475, 95752, 74782, 96292, 38451, 74862, 14736, 45701, 33851, 11745, 43964, 11271, 53028, 55784, 25329, 41180, 67407, 40175, 81511, 41452, 79739, 91585, 60903, 73786, 87492, 58455, 73748, 8493, 94056, 67774, 33412, 37474, 8180, 68192, 19793, 8009, 41794, 21891, 27127, 56228, 65038, 30336, 17023, 10656, 63904, 60997, 37240, 56324, 63602, 32028, 63870, 56139, 5438, 67898, 21819, 59534, 53228, 96041, 82310, 71632, 81127, 53049, 34681, 82874, 64464, 67899, 47127, 61449, 32588, 59548, 12547, 23642, 6126, 37801, 85268, 7574, 52751, 54184, 22095, 32601, 91511, 47747, 35390, 25111, 94964, 41829, 42765, 7198, 91609, 86157, 35043, 84652, 7624, 27397, 31030, 93807, 64542, 58215, 28523, 54908)
Average QPS expected = 50103
Timestamp start: 1715327529542
Timestamp end: 1715328530079

#type       avg     std     min      p5     p10     p50     p67     p75     p80     p85     p90     p95     p99    p999   p9999      QPS   target
read      360.8   188.8   148.8   200.5   214.0   328.1   396.1   437.3   469.6   510.1   559.3   625.7   737.0  1003.7  7550.5  60481.8    60475
read      363.4   195.4   148.8   205.7   221.1   335.3   396.1   432.5   460.8   495.4   540.4   610.0   750.9  1183.9  6959.6  95852.0    95752
read      423.0   412.9   148.8   204.5   219.9   344.6   418.0   465.3   504.0   553.3   625.4   792.8  1870.8  4350.7 10861.8  74835.8    74782
read      425.0   352.7   148.8   213.1   231.4   365.8   435.5   479.7   514.0   558.6   622.0   744.6  1674.6  2973.9 12470.5  96310.0    96292
read      413.0   368.1   148.8   204.3   219.1   353.2   439.8   493.9   532.8   577.7   634.1   734.9  1342.4  3634.5 15809.8  38437.9    38451
read      381.8   228.8   148.8   204.7   219.6   341.4   413.9   458.1   491.8   532.9   586.1   670.7   903.0  2077.9  8230.9  74925.0    74862
read      483.2   699.3   148.8   206.0   222.6   390.4   467.5   514.7   555.5   611.8   684.4   858.4  2268.2  8859.0 35196.0  14726.6    14736
read      517.8   609.6   148.8   204.6   220.6   354.7   462.5   550.4   630.8   777.1  1035.0  1357.8  2389.8  5818.4 22215.5  45728.8    45701
read      512.4   490.1   148.8   203.6   219.2   362.2   496.9   592.2   685.7   833.4   993.7  1215.5  2325.3  4062.4 12519.3  33973.1    33851
read      377.6   421.6   160.7   209.7   225.3   359.1   406.3   429.5   445.1   462.0   484.1   519.3   713.9  5451.2 19123.2  11808.2    11745
read      377.0   228.6   148.8   201.9   215.2   336.6   413.8   462.7   499.9   541.5   590.4   661.4   806.9  1732.9  7970.4  44078.8    43964
read      372.1   430.0   160.7   212.7   228.2   356.4   401.7   423.9   438.1   455.9   475.0   507.4   609.0  4291.5 20059.8  11287.2    11271
read      373.8   199.6   148.8   202.7   216.1   336.2   409.3   455.8   492.0   534.7   585.2   656.8   802.0  1378.2  7920.3  53075.0    53028
read      470.8   524.4   148.8   207.6   223.5   360.0   444.1   502.9   551.5   619.6   730.8  1161.3  2129.2  4887.5 18138.0  55778.2    55784
read      497.6   516.6   160.7   205.1   219.8   369.7   486.8   555.2   616.9   725.9   876.5  1102.8  2601.1  4123.3 15567.0  25167.0    25329
read      492.6   500.9   148.8   206.2   221.5   356.9   454.9   530.4   593.6   690.0   931.3  1295.3  2200.0  4534.4 14752.3  41241.6    41180
read      463.9   497.7   148.8   209.1   225.7   361.2   441.2   495.9   540.5   600.1   695.3  1048.7  2212.4  4967.6 14261.1  67602.0    67407
read      498.9   540.1   148.8   205.9   221.4   357.7   458.8   536.5   603.9   710.9   961.7  1301.6  2298.3  4652.0 15030.1  40187.9    40175
read      444.4   464.3   148.8   210.7   227.8   364.5   439.1   486.8   524.0   572.4   640.7   800.5  2078.0  4931.6 14260.3  81653.7    81511
read      492.9   476.7   148.8   206.0   221.4   358.0   458.1   538.0   608.0   725.1   973.5  1292.4  1933.8  3938.5 12884.6  41424.6    41452
read      442.1   456.8   148.8   209.7   226.7   362.1   437.0   485.5   523.4   572.2   641.1   803.8  2011.1  4789.6 12770.2  79674.7    79739
read      408.2   355.0   148.8   210.9   228.1   357.2   426.3   468.5   501.8   543.1   600.4   694.1  1346.4  3681.2  9910.1  91543.0    91585
read      415.9   386.5   148.8   205.2   220.2   347.7   426.0   473.6   512.4   559.8   624.9   739.8  1715.0  4170.9 12625.9  60970.7    60903
read      541.9   646.5   148.8   215.1   234.1   394.8   488.3   549.7   604.0   681.6   846.8  1617.9  2654.2  7886.9 19776.0  73844.4    73786
read      426.2   453.3   148.8   209.3   226.5   362.0   436.0   483.2   519.8   566.1   629.7   744.0  1637.9  4729.0 16931.5  87404.8    87492
read      451.7   529.7   148.8   205.4   221.0   353.5   434.6   489.2   532.6   585.9   665.9   923.4  2083.7  5607.3 18563.0  58359.3    58455
read      576.5   868.2   148.8   216.3   236.3   398.5   491.7   552.6   607.6   689.5   899.6  1654.3  3373.5  9124.0 31702.5  73898.6    73748
read      513.0  1002.3   160.7   210.6   228.7   373.8   438.2   477.8   506.6   544.2   608.2  1244.6  2593.8 14060.2 31978.5   8530.3     8493
read      422.5   386.0   148.8   211.3   229.2   362.1   431.8   474.8   508.2   550.2   612.4   729.7  1655.0  4139.1 12449.3  93918.3    94056
read      586.7   853.4   148.8   213.6   232.8   392.1   489.1   558.5   623.4   736.1  1124.8  1720.0  3274.7  8256.7 31593.9  67832.1    67774
read      516.2   628.0   148.8   203.1   217.9   354.0   475.1   558.5   629.7   773.3   982.3  1260.0  2713.5  5478.3 21847.8  33350.8    33412
read      498.2   626.6   148.8   201.8   216.2   350.0   455.5   530.3   589.5   680.8   899.1  1249.6  2637.1  6665.2 25042.8  37462.9    37474
read      493.9   781.0   160.7   212.9   230.8   370.8   434.2   470.8   500.4   538.2   597.9  1254.1  2610.8  9696.2 29681.1   8139.9     8180
read      585.9   799.1   148.8   212.5   232.0   392.4   490.8   561.5   627.3   746.2  1157.0  1722.9  3266.4  7722.9 31109.3  68064.5    68192
read      502.8   728.2   148.8   202.1   215.6   380.0   477.2   531.5   578.8   656.8   780.8  1028.8  2689.2 10299.4 30980.9  19733.9    19793
read      502.3   944.3   160.7   211.0   229.4   365.4   424.9   461.1   489.9   527.7   590.6  1293.4  2690.7 12881.9 35138.5   7978.0     8009
read      524.2   643.2   148.8   205.3   221.1   358.1   473.8   567.7   655.1   828.1  1058.2  1345.6  2338.6  5832.9 27942.6  41738.7    41794
read      509.7   761.0   160.7   202.2   215.8   373.1   480.3   539.9   591.5   683.9   823.3  1085.2  2755.9  8905.4 35542.7  21814.1    21891
read      481.2   566.6   148.8   200.3   213.9   352.6   462.3   524.7   572.2   641.9   808.1  1090.1  2660.3  5697.9 18637.1  27149.0    27127
read      560.0   756.4   160.7   209.5   227.2   373.5   474.8   556.3   631.2   761.6  1083.5  1595.5  3074.9  7383.9 30635.3  56065.3    56228
read      568.3   747.8   148.8   212.1   231.4   384.3   481.0   555.2   627.1   756.8  1118.9  1669.2  2920.9  6615.4 30596.9  64998.5    65038
read      508.9   843.6   160.7   203.5   218.3   360.0   478.4   550.5   613.8   725.9   901.5  1131.4  2669.6  7937.6 34715.1  30371.2    30336
read      542.7   793.0   160.7   205.5   221.4   411.4   515.6   588.0   643.3   708.4   795.8  1175.3  2766.5  9246.0 32168.6  16952.0    17023
read      530.1   944.2   160.7   208.1   225.8   392.2   473.1   519.7   552.5   593.2   662.4  1331.4  2714.5 12423.0 35869.8  10618.2    10656
read      546.3   659.5   148.8   210.3   228.5   372.3   466.2   539.6   607.3   726.9  1070.3  1608.7  2805.1  6077.8 24145.9  63872.5    63904
read      545.2   672.3   160.7   209.5   227.3   371.9   471.1   547.8   617.8   739.1  1060.3  1563.1  2756.1  6504.6 26205.3  61064.4    60997
read      530.0   630.8   148.8   205.1   220.8   359.1   492.6   593.3   702.6   873.4  1048.7  1273.4  2473.8  6886.5 24332.8  37107.9    37240
read      540.3   698.8   148.8   207.3   224.5   366.1   466.4   546.9   621.0   747.2  1052.9  1519.1  2734.7  6633.5 29377.6  56297.2    56324
read      562.9   688.3   148.8   210.8   229.3   378.2   477.1   557.1   634.8   788.8  1185.3  1655.2  2748.6  5924.9 28198.5  63464.2    63602
read      563.0   695.6   148.8   204.2   220.1   372.5   521.8   636.5   762.0   894.5  1044.7  1320.4  2965.1  7913.2 24881.6  31960.2    32028
read      546.8   675.7   148.8   210.4   228.7   374.1   469.5   543.1   611.1   728.5  1066.9  1598.3  2710.4  6429.0 27356.3  63856.6    63870
read      535.5   703.2   148.8   207.8   224.7   364.9   463.2   540.9   609.4   724.3  1004.6  1513.4  2821.7  6288.7 29328.3  56227.0    56139
read      501.3   897.0   160.7   217.8   244.2   354.8   400.0   427.4   449.2   478.4   547.0  1441.1  2671.5 13024.6 29712.9   5442.1     5438
read      577.1   781.0   148.8   213.5   232.9   385.5   479.5   551.3   621.4   743.3  1152.7  1717.1  3117.3  7726.4 30847.4  67936.1    67898
read      569.5   995.5   148.8   204.1   219.3   404.6   527.9   616.4   695.6   784.8   894.1  1214.5  3065.8 12639.4 36544.3  21869.1    21819
read      555.5   753.6   148.8   208.7   226.5   370.5   468.4   546.3   619.3   743.4  1089.9  1599.9  3043.7  6413.5 30389.0  59360.8    59534
read      524.6   647.5   148.8   207.4   224.0   360.9   459.5   536.5   604.2   713.6   977.8  1452.1  2736.2  6326.5 22555.6  53288.2    53228
read      440.2   455.4   148.8   213.5   232.1   368.2   439.7   484.6   519.7   564.9   629.4   765.4  1816.8  5347.7 14529.7  95993.6    96041
read      497.4   701.3   148.8   211.4   229.7   375.4   456.0   506.5   547.1   603.9   699.3  1255.1  2462.2  8834.2 30498.7  82356.5    82310
read      556.8   662.0   148.8   212.5   231.7   386.5   477.7   545.9   609.5   716.9  1093.6  1662.3  2797.0  5972.6 24931.4  71639.7    71632
read      527.6   800.1   148.8   213.0   232.6   387.2   470.6   526.3   572.2   635.2   748.8  1411.8  2789.5  9593.3 31793.2  81027.7    81127
read      520.9   642.5   148.8   206.0   222.5   358.8   459.0   538.1   609.0   726.5   999.9  1436.2  2583.1  5967.3 27897.1  52942.6    53049
read      547.2   655.8   148.8   204.1   220.1   363.8   509.7   629.6   765.8   904.8  1055.3  1286.2  2717.2  5453.6 26810.8  34598.5    34681
read      514.6   733.4   148.8   212.6   232.0   384.8   467.8   522.7   567.5   629.1   737.5  1321.5  2719.6  8353.9 30979.3  82834.8    82874
read      502.1   579.5   148.8   208.9   225.9   371.1   460.2   520.8   571.9   643.4   793.1  1407.3  2485.5  5583.1 19904.1  64338.4    64464
read      594.6   774.1   148.8   215.9   235.9   400.5   502.2   577.3   645.2   783.2  1295.6  1725.3  2916.5  8770.8 30641.4  67890.5    67899
read      520.6   669.9   148.8   208.0   224.3   364.8   465.7   545.0   613.2   720.9   984.9  1384.3  2279.6  7411.5 29700.0  47092.8    47127
read      541.3   688.8   148.8   211.0   228.8   374.3   469.6   543.8   611.5   725.2  1038.6  1559.1  2635.2  6420.9 30586.7  61386.1    61449
read      564.4   665.4   160.7   208.0   224.5   378.9   529.3   649.1   779.3   921.1  1079.0  1335.8  2873.7  6368.9 28722.4  32486.2    32588
read      441.2   424.0   148.8   204.3   219.5   349.3   428.3   481.6   525.5   580.0   657.8   937.6  2012.0  4251.2 11710.1  59562.1    59548
read      362.4   272.2   148.8   210.6   226.0   354.1   400.6   422.8   436.9   454.5   472.5   504.5   585.3  3805.6 10615.6  12557.9    12547
read      369.1   218.1   148.8   202.8   216.3   338.2   423.6   464.0   489.3   515.5   545.0   587.5   680.0  2034.9  8206.2  23587.9    23642
read      349.6   407.0   160.7   225.6   246.1   326.7   352.4   366.4   375.5   389.5   403.4   434.6   597.6  7035.8 15927.4   6137.9     6126
read      367.7   199.2   148.8   199.4   213.1   330.1   407.8   457.2   492.5   530.7   572.9   629.0   738.6  1631.4  8017.4  37635.0    37801
read      353.7   174.0   148.8   201.9   215.5   324.5   387.2   424.5   453.5   489.0   534.7   602.0   728.9   949.6  5914.0  85236.9    85268
read      350.3   332.4   160.7   220.4   237.8   332.2   361.9   377.1   389.2   401.4   420.8   450.9   590.1  4752.0 13744.5   7593.9     7574
read      368.7   206.7   148.8   200.7   214.3   333.8   404.7   450.2   484.6   525.7   574.9   640.4   765.6  1306.6  8084.5  52632.4    52751
read      369.3   198.3   148.8   200.6   214.5   334.8   405.8   450.8   485.1   526.4   575.9   641.4   773.0  1330.8  7532.8  54030.9    54184
read      367.1   249.5   148.8   201.3   215.0   339.7   422.6   460.3   483.8   507.9   536.8   576.8   660.6  2083.1 10371.3  22134.9    22095
read      366.1   197.5   148.8   199.1   212.9   328.6   411.4   460.5   493.3   527.8   565.9   617.7   714.3  1668.7  7864.3  32558.3    32601
read      355.1   156.6   148.8   203.8   218.8   328.9   388.9   424.6   451.8   484.7   528.6   595.2   730.4   942.0  4483.8  91543.0    91511
read      370.2   189.7   148.8   201.0   214.9   334.6   407.6   453.8   488.5   529.3   577.1   639.1   757.3  1642.7  7245.1  47822.6    47747
read      370.9   218.2   148.8   200.3   214.3   331.3   413.8   464.3   498.2   533.9   574.2   628.3   738.5  1802.0  8933.8  35387.7    35390
read      372.7   246.3   148.8   202.0   215.9   336.9   426.4   469.9   496.7   524.9   556.1   601.3   697.5  2247.9  9663.7  25206.9    25111
read      356.2   164.7   148.8   204.2   219.0   329.9   390.0   425.8   453.5   487.1   530.9   595.8   726.5   953.8  6115.3  94947.9    94964
read      370.2   203.8   148.8   199.7   213.5   331.8   408.4   458.8   495.2   535.1   579.7   637.0   750.0  1681.8  7861.2  41837.1    41829
read      369.3   204.9   148.8   200.0   213.7   331.1   407.0   456.7   493.1   533.2   578.6   637.1   748.4  1578.3  7585.0  42624.2    42765
read      356.7   395.8   160.7   223.0   241.9   336.8   366.3   382.1   393.3   404.6   424.6   455.2   584.5  5799.7 17272.3   7230.1     7198
read      354.6   167.3   137.8   203.3   217.6   327.3   388.2   424.3   451.9   485.5   529.8   595.6   729.5   977.0  5940.9  91595.7    91609
read      359.5   187.2   148.8   202.7   216.9   330.5   394.0   431.6   460.8   496.5   542.0   612.6   743.3  1004.1  6868.8  86324.5    86157
read      365.8   217.2   148.8   198.6   212.2   326.4   406.0   457.7   492.5   528.8   568.7   622.0   723.5  1695.4  9929.9  35104.5    35043
read      354.8   166.9   148.8   201.4   215.2   325.6   389.4   427.2   455.9   490.7   536.2   604.9   732.4   983.4  5406.1  84572.0    84652
read      359.0   441.3   160.7   220.2   237.2   335.3   365.7   381.9   393.5   405.4   424.9   454.7   596.9  7306.2 17041.5   7629.7     7624
read      368.7   232.6   148.8   199.9   213.4   330.6   420.1   466.5   495.7   525.9   559.2   605.8   702.3  1884.8  9152.6  27362.7    27397
read      368.7   212.1   148.8   199.6   213.3   328.6   415.3   465.6   498.5   532.1   569.4   619.9   722.1  1741.1  8355.0  31011.1    31030
read      356.4   172.2   148.8   203.9   218.6   329.6   390.5   426.3   453.8   487.4   531.3   594.9   726.3   981.2  6229.8  93800.1    93807
read      361.9   184.5   148.8   200.4   213.9   327.9   396.9   438.9   471.5   512.6   563.4   630.8   748.7  1017.8  7605.3  64594.5    64542
read      363.6   199.1   148.8   199.4   213.0   329.4   398.5   441.5   475.1   517.3   567.2   632.0   747.4  1062.8  8007.1  58189.9    58215
read      365.4   224.0   148.8   199.7   212.9   325.6   414.5   462.5   492.7   523.8   557.5   603.2   690.7  1779.1  8590.3  28457.3    28523
read      363.1   188.4   148.8   199.1   212.8   329.7   398.6   441.5   474.9   516.7   567.1   632.0   743.9  1065.3  7680.4  54934.8    54908

Total QPS = 50091.7 (50091664 / 1000.0s)

Total connections = 64
Misses = 0 (0.0%)
Skipped TXs = 0 (0.0%)

RX 12372641255 bytes :   11.8 MB/s
TX          0 bytes :    0.0 MB/s
Warning! Detected max cpu usage > 95%
CPU Usage Stats (avg/min/max): 99.96%,50.51%,100.00%
