Random waveform, random seed
Total number of intervals = 100 (59679, 23414, 65485, 29627, 74124, 56143, 66761, 97919, 25405, 83506, 44903, 22029, 73819, 72563, 44311, 46133, 88533, 66387, 83939, 93139, 60563, 58033, 99391, 49336, 54251, 88231, 36601, 57363, 53979, 92036, 45337, 91908, 81039, 95169, 64430, 75478, 24925, 97213, 27107, 93211, 31485, 51027, 53665, 33145, 18540, 44388, 11235, 15023, 28297, 47803, 35225, 22382, 10482, 97757, 43357, 80265, 93006, 99772, 94964, 32987, 19263, 39643, 66208, 22695, 48092, 41465, 97003, 9075, 91080, 36167, 74091, 73426, 16027, 77162, 100000, 35961, 29292, 47446, 13378, 20157, 41900, 91080, 37809, 20454, 14195, 82481, 15414, 48877, 24039, 22954, 36660, 89563, 93556, 29677, 69370, 69656, 24567, 69111, 72776, 15186)
Average QPS expected = 54351
Timestamp start: 1715338585790
Timestamp end: 1715339586342

#type       avg     std     min      p5     p10     p50     p67     p75     p80     p85     p90     p95     p99    p999   p9999      QPS   target
read      376.7   202.5   160.7   216.3   228.2   339.0   403.8   447.1   481.3   523.2   574.2   644.9   824.3  1756.3  8376.0  59817.6    59679
read      381.7   229.4   173.5   218.6   229.4   344.2   435.9   477.2   502.6   529.3   559.2   602.3   716.4  2872.7  8745.1  23416.0    23414
read      380.6   225.2   160.7   219.2   231.0   340.2   405.3   448.2   482.7   526.0   579.0   655.3   879.6  1628.1  7989.4  65452.0    65485
read      392.9   251.1   173.5   218.8   229.8   346.7   438.5   490.0   523.3   557.6   597.2   658.2   816.6  2654.3  9942.7  29677.0    29627
read      366.0   175.0   160.7   218.7   230.0   332.6   393.5   431.0   461.9   501.0   550.7   622.2   763.3  1260.2  6692.5  74075.2    74124
read      380.1   216.2   160.7   218.0   229.4   337.9   404.7   452.2   490.5   535.0   586.1   657.3   824.6  1960.7  8086.4  56100.3    56143
read      390.1   214.3   173.5   220.5   233.1   345.4   412.9   458.1   495.0   540.0   595.6   685.2   999.4  1777.3  7888.1  66746.2    66761
read      462.7   265.2   173.5   235.9   254.9   405.5   494.3   553.3   601.7   663.7   747.8   879.0  1120.0  1863.8  9377.0  97817.7    97919
read      390.5   271.3   173.5   217.8   228.6   345.2   439.3   488.4   519.0   550.0   587.5   645.2   856.5  1678.7 10180.5  25431.5    25405
read      361.3   174.5   160.7   219.2   230.8   331.8   391.1   426.0   453.8   488.9   535.1   600.8   726.0   969.8  5875.0  83466.1    83506
read      370.6   195.6   160.7   215.0   227.0   329.9   400.2   450.5   489.1   531.3   576.3   630.5   733.4  1386.2  7648.6  44899.4    44903
read      407.0   422.2   173.5   218.9   229.9   363.8   454.0   496.7   523.9   552.1   587.9   650.9   977.3  4511.3 18281.5  21990.3    22029
read      404.8   250.5   160.7   221.3   235.1   359.2   432.5   479.7   517.0   562.2   620.9   715.2   981.3  2368.6  8600.3  73710.8    73819
read      396.5   260.4   160.7   221.5   234.5   350.1   421.5   467.3   504.1   547.3   602.7   689.7   970.0  2955.6  8903.9  72607.6    72563
read      395.2   302.1   173.5   218.9   230.3   345.5   428.7   480.2   518.3   560.3   608.6   679.2   857.3  3022.5 11153.6  44277.3    44311
read      388.8   242.3   160.7   216.1   227.7   340.3   420.8   471.1   510.0   553.8   604.8   675.6   849.3  2557.9  8476.2  46130.4    46133
read      385.3   237.5   173.5   222.7   236.5   345.3   409.0   450.4   482.9   523.7   575.0   653.2   864.9  2114.2  9555.4  88473.9    88533
read      388.9   276.7   173.5   219.6   231.3   341.4   411.9   459.3   496.8   540.6   593.2   673.3   893.5  2462.8  8782.7  66419.8    66387
read      373.4   202.8   160.7   220.1   231.8   335.3   398.7   438.6   470.8   511.8   563.1   636.4   803.1  1741.7  8513.4  83977.2    83939
read      390.0   264.3   173.5   224.8   239.7   353.3   417.1   456.9   488.2   527.1   577.8   656.5   854.3  1968.9  9603.7  93243.3    93139
read      384.6   203.0   160.7   220.1   232.0   341.3   416.3   465.3   503.6   546.4   595.3   669.7   843.4  1389.6  7820.6  60624.3    60563
read      389.6   237.0   160.7   220.9   233.0   345.2   424.2   474.2   512.3   554.2   603.3   676.9   849.8  1417.0  7894.7  58081.4    58033
read      486.3   278.4   173.5   232.0   252.1   419.5   519.8   600.9   675.1   756.5   838.9   936.1  1100.2  1408.5  8615.2  99226.6    99391
read      394.9   253.1   173.5   220.7   232.7   348.2   429.4   481.1   519.6   562.5   612.8   681.1   844.7  1969.7  9653.7  49303.5    49336
read      398.3   234.7   173.5   221.2   233.8   353.6   432.7   482.8   520.1   562.6   616.1   692.4   880.3  1900.7  9598.8  54197.0    54251
read      396.4   238.1   160.7   226.1   241.2   360.0   426.1   467.2   500.5   541.0   592.4   674.9   858.8  1884.5  8432.6  88337.5    88231
read      401.1   237.4   160.7   220.6   232.6   355.8   445.0   497.3   534.2   574.3   619.9   682.8   847.0  1924.2  9945.8  36662.7    36601
read      397.2   238.1   173.5   222.0   234.7   350.8   428.2   478.9   518.0   562.8   616.1   690.1   868.2  2095.1  9899.0  57322.2    57363
read      399.2   227.5   173.5   222.5   235.6   354.1   433.8   485.3   524.2   569.2   622.2   694.7   863.0  1716.5  8254.2  53939.8    53979
read      426.4   261.8   160.7   232.7   249.5   379.8   453.2   500.6   537.9   583.9   646.8   767.2  1070.7  1923.6 10571.6  92182.6    92036
read      400.3   223.5   160.7   222.7   235.4   351.5   437.0   493.0   533.4   578.2   628.5   693.3   853.0  1826.4  7565.1  45283.1    45337
read      403.8   262.1   160.7   228.4   244.8   366.9   432.4   472.9   505.5   545.8   599.1   683.7   890.0  1775.8  8227.0  91793.3    91908
read      391.8   216.2   173.5   224.2   238.7   353.9   420.5   461.8   494.5   535.0   588.4   673.4   867.8  1899.5  7133.3  80991.6    81039
read      419.7   218.3   173.5   233.5   251.2   381.1   451.1   495.9   530.9   574.3   631.9   727.1   931.9  1894.9  7282.8  95081.5    95169
read      389.0   263.3   173.5   222.5   235.3   343.4   412.7   458.9   496.4   542.5   597.6   673.3   850.9  2534.3  8747.6  64573.6    64430
read      397.9   233.8   173.5   225.7   239.9   354.9   425.5   469.7   505.7   548.3   604.0   685.9   879.2  2470.9  8162.3  75395.8    75478
read      462.9   680.3   173.5   222.8   235.7   374.2   482.7   533.7   567.7   606.3   663.2   826.5  1449.6  8111.4 31239.7  24928.9    24925
read      440.8   328.5   173.5   233.8   251.5   389.4   464.8   514.4   554.2   606.9   680.6   803.5  1058.4  3161.5 12222.8  97109.6    97213
read      474.4   452.4   173.5   222.6   235.2   383.6   503.6   565.2   608.4   669.9   795.8  1005.0  1396.5  5252.6 16615.3  27144.1    27107
read      423.1   331.4   173.5   232.2   248.8   376.6   446.9   491.1   524.9   566.8   623.1   722.7  1014.8  4176.1 10970.8  93245.5    93211
read      453.2   457.1   173.5   222.4   234.8   365.5   475.8   538.1   579.4   626.3   696.4   930.6  1413.4  5115.8 15655.4  31530.4    31485
read      404.5   320.7   160.7   222.7   235.1   351.4   431.3   483.9   524.4   571.0   624.8   694.7   918.0  3502.6 10845.6  51106.0    51027
read      399.2   250.0   173.5   223.2   235.7   349.7   429.1   481.3   521.2   567.4   621.5   692.1   884.9  2256.0  7255.1  53575.1    53665
read      412.7   302.0   173.5   221.5   233.3   352.4   451.9   510.1   549.1   590.5   637.7   715.5  1143.6  2494.5 10246.2  33062.7    33145
read      514.2   612.0   173.5   223.9   238.2   448.4   552.3   620.0   673.1   735.2   807.3   919.0  1276.1  8856.2 29327.3  18471.9    18540
read      407.0   308.2   173.5   222.0   234.2   352.6   436.8   490.3   529.6   575.3   628.6   706.4  1083.5  2218.1 13571.8  44460.4    44388
read      462.9   498.1   173.5   224.9   240.1   421.0   499.3   543.3   574.5   609.7   653.6   728.5  1120.6  5760.3 21806.0  11200.9    11235
read      490.4   472.4   173.5   225.9   242.1   441.4   535.8   591.6   632.7   681.2   740.6   830.2  1161.8  5308.6 15658.2  15031.2    15023
read      473.6   413.2   173.5   223.3   237.0   385.6   506.5   569.4   613.7   674.5   799.9  1009.6  1368.4  4696.0 12653.8  28369.6    28297
read      402.7   293.1   173.5   222.2   234.6   351.9   433.6   487.1   526.9   572.8   625.2   693.0   890.7  3006.1  8743.6  47792.3    47803
read      403.3   267.3   160.7   221.3   233.0   351.5   445.2   501.1   539.4   580.2   625.5   685.9   863.3  2455.2 10987.8  35186.9    35225
read      533.1   596.5   173.5   223.2   237.3   450.1   572.9   649.7   717.7   798.1   890.6  1020.7  1365.3  9723.1 27742.7  22411.4    22382
read      488.8   907.5   173.5   228.7   245.7   419.5   486.2   526.1   555.7   592.4   638.4   715.2  1419.2 10928.4 38305.2  10541.4    10482
read      447.7   364.9   160.7   234.8   253.0   391.3   467.3   515.3   551.9   600.3   672.6   808.4  1175.2  4656.5  9739.5  97748.2    97757
read      397.1   283.8   160.7   219.8   231.1   345.0   427.5   480.2   519.9   565.2   616.9   683.4   873.3  2706.2  9974.1  43421.2    43357
read      386.7   224.8   173.5   222.3   235.3   343.5   410.6   454.6   489.2   531.5   585.1   666.1   876.8  2111.7  7618.2  80280.7    80265
read      394.1   237.1   173.5   226.6   241.7   355.1   420.5   461.7   494.5   534.6   586.3   669.7   878.0  2115.7  8602.3  93085.0    93006
read      449.6   325.6   173.5   235.0   253.2   394.4   474.6   528.4   570.7   626.0   706.7   841.9  1095.9  2533.8 11549.0  99703.7    99772
read      406.6   249.5   160.7   228.1   243.9   365.0   433.2   476.9   511.0   553.1   610.7   704.4   950.2  2056.1  8999.4  94918.6    94964
read      448.2   381.0   160.7   220.6   232.8   360.6   468.7   532.7   576.1   627.1   708.8   968.4  1402.9  4101.3  9888.6  32879.0    32987
read      522.4   702.4   173.5   221.8   235.4   448.1   554.0   622.4   675.2   738.2   808.7   921.5  1400.0 10325.6 31618.6  19269.9    19263
read      404.0   261.1   160.7   220.3   231.8   346.0   436.1   493.6   534.2   579.4   630.3   702.3  1095.1  2481.0  8570.3  39689.3    39643
read      388.3   271.1   160.7   220.9   232.6   338.3   410.1   460.4   499.2   544.3   600.2   677.6   860.6  2641.4  9988.9  66212.7    66208
read      519.3   524.5   173.5   221.7   235.1   444.0   562.2   636.6   700.0   774.7   859.9   987.6  1351.7  7274.3 14421.1  22616.3    22695
read      396.1   295.5   160.7   219.6   230.8   343.5   424.5   476.3   516.1   561.6   616.3   687.4   947.7  2758.6  9786.9  48092.4    48092
read      401.1   275.5   173.5   220.2   231.8   347.8   435.2   490.3   530.3   574.8   625.3   691.3   905.7  3291.5  8106.6  41511.2    41465
read      421.0   300.1   160.7   230.9   247.2   373.6   445.9   492.1   527.8   572.9   635.7   754.7  1026.9  2161.8 10605.3  96986.6    97003
read      462.3   769.9   173.5   222.4   236.1   400.2   464.6   498.6   522.6   549.1   585.3   640.8  1469.4 11987.0 31017.0   9132.8     9075
read      396.0   313.2   173.5   224.1   238.2   350.1   415.9   457.3   489.6   529.4   581.2   665.3   978.7  3001.2  9892.8  90907.3    91080
read      424.5   424.0   173.5   219.4   230.9   349.4   446.4   506.4   547.5   591.8   645.5   749.5  1332.9  5115.0 13716.4  36126.1    36167
read      385.4   268.1   160.7   220.9   233.0   338.1   405.2   451.9   488.4   532.5   587.6   668.6   874.5  2357.6 10149.2  74242.7    74091
read      387.6   305.1   173.5   220.5   232.6   340.2   409.0   455.7   491.9   535.4   589.8   670.2   863.0  2661.3 11028.2  73304.2    73426
read      487.4   475.2   173.5   220.8   234.7   438.8   533.5   589.5   631.7   679.1   738.1   827.7  1089.7  6127.8 16497.1  16128.4    16027
read      402.9   379.1   173.5   221.6   234.2   345.2   416.1   461.9   498.3   541.7   596.3   685.7  1400.3  3934.5 12142.2  77109.3    77162
read      425.6   273.9   160.7   231.4   248.3   377.3   452.2   501.5   540.1   588.0   654.2   762.5  1000.0  2097.9  8896.2  99836.5   100000
read      419.8   332.1   173.5   219.1   230.8   353.2   452.3   511.5   551.9   595.5   646.5   735.3  1255.6  4033.3 12944.5  35972.2    35961
read      460.0   504.8   173.5   220.4   232.7   372.1   484.1   541.7   581.9   632.9   723.6   945.4  1395.0  5771.0 19991.8  29327.7    29292
read      415.5   390.8   160.7   220.8   233.1   355.3   439.3   493.6   533.8   580.2   636.9   719.4  1173.8  4145.1 13896.4  47458.8    47446
read      593.7  1288.6   173.5   225.4   242.3   439.1   532.3   587.6   628.9   676.7   741.0   891.4  5128.2 24630.8 37762.6  13483.3    13378
read      549.0   839.7   173.5   223.0   238.0   460.9   580.3   657.8   719.9   791.0   873.0  1003.5  1474.7 10387.5 31873.7  20101.0    20157
read      385.9   252.2   160.7   217.4   228.9   336.5   414.0   468.5   508.0   549.1   593.5   652.7   847.1  2582.1  9087.3  41887.9    41900
read      361.0   161.4   160.7   221.6   234.3   333.5   389.5   422.9   449.2   482.8   528.4   593.3   720.0   937.1  5670.4  91157.2    91080
read      378.3   208.1   160.7   214.9   226.8   330.0   416.0   475.2   514.8   554.5   595.1   642.0   732.7  1585.0  6785.2  37730.3    37809
read      385.1   253.3   160.7   221.0   233.0   361.1   444.0   479.5   500.8   523.9   548.4   585.7   665.1  2753.1 11836.7  20552.5    20454
read      385.7   373.6   173.5   224.9   237.9   375.0   429.5   454.9   470.7   489.4   508.5   540.5   612.8  3975.2 14702.5  14299.5    14195
read      355.1   156.9   160.7   218.8   229.7   325.7   382.3   415.9   442.0   476.5   525.3   591.8   711.2  1043.9  5947.4  82396.6    82481
read      385.8   296.4   173.5   224.1   237.2   374.7   433.8   460.6   477.9   496.6   518.6   548.0   637.4  3958.8 11585.5  15421.7    15414
read      372.0   211.1   173.5   217.5   228.7   331.5   399.2   447.4   486.7   531.7   580.2   636.6   735.2  1402.5  9626.3  48853.0    48877
read      386.6   217.6   173.5   221.2   233.5   351.9   444.7   486.6   512.2   538.4   568.7   610.3   708.7  2027.7  9068.7  24020.4    24039
read      386.9   287.6   173.5   220.6   232.6   351.8   444.1   484.8   509.7   534.9   563.6   601.4   690.7  1701.6 13189.5  22880.9    22954
read      380.5   208.9   160.7   218.4   230.0   338.3   420.3   472.1   508.1   545.3   584.1   634.1   735.0  1486.3  7882.1  36674.1    36660
read      357.7   187.4   160.7   221.3   233.4   328.7   384.5   416.9   442.0   474.9   522.1   589.4   712.9   941.7  8095.3  89655.0    89563
read      363.7   184.4   160.7   222.7   236.0   334.8   391.4   425.0   451.4   484.6   529.8   594.4   730.6   997.1  8187.9  93503.0    93556
read      374.3   228.1   160.7   217.6   228.6   328.5   420.7   472.0   503.4   533.8   566.1   606.9   689.2  1592.6  9547.4  29645.2    29677
read      364.0   161.2   160.7   218.8   229.8   329.9   391.2   429.3   461.0   502.1   553.5   622.3   738.8  1069.6  5170.2  69298.7    69370
read      362.0   191.2   160.7   218.0   229.2   326.9   387.5   425.8   458.0   500.0   551.9   618.7   730.0  1056.8  5894.9  69769.1    69656
read      382.1   227.3   160.7   219.8   231.7   345.2   440.8   483.4   509.2   534.8   563.5   600.2   682.9  1570.4  9551.2  24544.6    24567
read      364.1   200.8   160.7   218.8   229.9   329.5   391.1   429.6   461.4   502.3   554.0   621.7   730.5   998.2  8087.5  69200.0    69111
read      362.1   181.3   160.7   218.4   229.6   328.4   388.9   425.9   456.0   494.9   545.5   615.8   737.5  1184.7  6915.3  72698.8    72776
read      386.6   267.5   173.5   223.8   237.3   376.1   434.3   461.0   478.6   498.2   522.8   558.7   653.0  3699.3 12067.5  15206.7    15186

Total QPS = 54348.3 (54348348 / 1000.0s)

Total connections = 64
Misses = 0 (0.0%)
Skipped TXs = 0 (0.0%)

RX 13424041709 bytes :   12.8 MB/s
TX          0 bytes :    0.0 MB/s
Warning! Detected max cpu usage > 95%
CPU Usage Stats (avg/min/max): 99.96%,49.75%,100.00%
