2024-05-08T13:52:28.690726 0.0 0.0 0.0 0.0
2024-05-08T13:52:29.692103 0.0 0.0 0.0 2.0
2024-05-08T13:52:30.693433 2.0 1.0 1.0 0.0
2024-05-08T13:52:31.694720 0.0 0.0 0.0 1.0
2024-05-08T13:52:32.696036 0.0 0.0 0.0 0.0
2024-05-08T13:52:33.697353 0.0 0.0 1.0 0.0
2024-05-08T13:52:34.698642 2.0 1.0 1.0 1.0
2024-05-08T13:52:35.699946 0.0 0.0 0.0 0.0
2024-05-08T13:52:36.701294 1.0 0.0 1.0 0.0
2024-05-08T13:52:37.702601 0.0 0.0 1.0 0.0
2024-05-08T13:52:38.703908 0.0 1.0 0.0 0.0
2024-05-08T13:52:39.705239 0.0 0.0 0.0 0.0
2024-05-08T13:52:40.706558 3.0 5.1 4.0 3.0
2024-05-08T13:52:41.707871 0.0 1.0 1.0 0.0
2024-05-08T13:52:42.709192 1.0 1.0 0.0 0.0
2024-05-08T13:52:43.710535 1.0 1.0 0.0 0.0
2024-05-08T13:52:44.711838 0.0 0.0 1.0 0.0
2024-05-08T13:52:45.713173 0.0 1.0 0.0 1.0
2024-05-08T13:52:46.714510 2.0 2.0 1.0 1.0
2024-05-08T13:52:47.715193 0.0 0.0 0.0 0.0
2024-05-08T13:52:48.716500 2.0 0.0 0.0 1.0
2024-05-08T13:52:49.717851 0.0 1.0 1.0 0.0
2024-05-08T13:52:50.719162 1.0 1.0 1.0 0.0
2024-05-08T13:52:51.720531 1.0 4.9 0.0 0.0
2024-05-08T13:52:52.721834 4.0 13.2 3.0 3.0
2024-05-08T13:52:53.722611 2.0 16.5 0.0 2.0
2024-05-08T13:52:54.723884 4.9 14.2 3.9 2.0
2024-05-08T13:52:55.725249 3.0 13.2 3.0 2.0
2024-05-08T13:52:56.726578 1.0 10.6 0.0 1.0
2024-05-08T13:52:57.727874 1.0 1.0 0.0 0.0
2024-05-08T13:52:58.729198 3.0 18.4 4.9 3.0
2024-05-08T13:52:59.730622 9.4 39.3 6.8 11.8
2024-05-08T13:53:00.731341 13.0 37.0 7.7 10.5
2024-05-08T13:53:01.732636 11.9 37.2 8.6 5.9
2024-05-08T13:53:02.734037 5.9 38.8 10.3 5.9
2024-05-08T13:53:03.734634 5.8 23.1 4.9 4.9
2024-05-08T13:53:04.735941 0.0 1.0 0.0 0.0
2024-05-08T13:53:05.737263 4.0 35.6 6.8 3.0
2024-05-08T13:53:06.738781 12.0 50.6 16.2 8.6
2024-05-08T13:53:07.740119 9.5 50.0 11.2 8.7
2024-05-08T13:53:08.741076 9.4 48.4 11.3 6.8
2024-05-08T13:53:09.742493 12.0 49.4 10.4 8.7
2024-05-08T13:53:10.743796 6.7 26.0 4.9 4.0
2024-05-08T13:53:11.744600 1.0 1.0 1.0 1.0
2024-05-08T13:53:12.745553 7.8 48.4 7.7 7.8
2024-05-08T13:53:13.746864 13.2 57.9 10.5 13.2
2024-05-08T13:53:14.747847 9.6 57.9 7.8 11.5
2024-05-08T13:53:15.749048 14.4 56.8 9.6 13.1
2024-05-08T13:53:16.750515 13.9 57.1 11.2 12.4
2024-05-08T13:53:17.751784 4.9 20.0 3.0 4.0
2024-05-08T13:53:18.753131 0.0 1.0 2.0 1.0
2024-05-08T13:53:19.754538 13.8 56.9 7.9 11.7
2024-05-08T13:53:20.755854 11.3 60.5 14.0 16.2
2024-05-08T13:53:21.757139 9.6 60.2 5.1 15.9
2024-05-08T13:53:22.758592 11.3 59.9 5.1 12.6
2024-05-08T13:53:23.759975 11.2 60.6 11.4 15.9
2024-05-08T13:53:24.761278 2.0 8.6 2.0 3.9
2024-05-08T13:53:25.762687 2.0 13.0 2.0 1.0
2024-05-08T13:53:26.763831 17.1 62.3 11.7 18.7
2024-05-08T13:53:27.765139 15.5 62.7 14.8 9.4
2024-05-08T13:53:28.766721 10.6 62.1 12.4 19.3
2024-05-08T13:53:29.768011 14.8 62.5 11.8 15.4
2024-05-08T13:53:30.769308 13.9 58.2 12.4 17.0
2024-05-08T13:53:31.770092 0.0 0.0 1.0 0.0
2024-05-08T13:53:32.770789 2.0 26.5 3.0 2.0
2024-05-08T13:53:33.772144 12.3 65.1 13.6 11.5
2024-05-08T13:53:34.772989 17.7 65.4 8.1 13.3
2024-05-08T13:53:35.774329 9.7 65.8 15.2 14.0
2024-05-08T13:53:36.775777 8.8 65.6 13.5 9.0
2024-05-08T13:53:37.777091 7.7 51.1 7.9 8.7
2024-05-08T13:53:38.778443 1.0 1.0 2.0 1.0
2024-05-08T13:53:39.779983 7.8 40.8 6.0 9.8
2024-05-08T13:53:40.781302 19.6 66.7 20.2 23.2
2024-05-08T13:53:41.782766 16.5 67.6 15.4 17.9
2024-05-08T13:53:42.784239 18.6 66.7 16.2 17.9
2024-05-08T13:53:43.785536 17.1 66.4 12.7 17.1
2024-05-08T13:53:44.786841 8.7 41.6 7.0 6.1
2024-05-08T13:53:45.788140 0.0 0.0 1.0 1.0
2024-05-08T13:53:46.789434 13.6 54.2 11.7 13.5
2024-05-08T13:53:47.790755 20.9 68.0 12.9 13.9
2024-05-08T13:53:48.791294 17.3 69.4 16.0 15.7
2024-05-08T13:53:49.792754 18.7 68.3 15.4 17.1
2024-05-08T13:53:50.794170 17.0 69.7 19.6 14.9
2024-05-08T13:53:51.795498 5.0 27.8 5.0 6.8
2024-05-08T13:53:52.795984 1.0 0.0 1.0 0.0
2024-05-08T13:53:53.797280 13.7 65.9 12.7 14.0
2024-05-08T13:53:54.798730 15.7 71.9 16.2 12.6
2024-05-08T13:53:55.800134 13.7 71.6 12.9 9.0
2024-05-08T13:53:56.801430 22.7 72.3 16.5 16.7
2024-05-08T13:53:57.802681 18.9 72.1 10.3 14.2
2024-05-08T13:53:58.804097 2.0 9.7 1.0 1.0
2024-05-08T13:53:59.805412 3.0 8.8 1.0 1.0
2024-05-08T13:54:00.806897 18.4 79.5 7.1 21.2
2024-05-08T13:54:01.808259 15.7 79.5 11.2 17.8
2024-05-08T13:54:02.809599 19.8 79.2 9.6 15.5
2024-05-08T13:54:03.810799 17.3 78.1 8.7 16.0
2024-05-08T13:54:04.812147 19.6 73.4 12.1 14.3
2024-05-08T13:54:05.813453 1.0 0.0 1.0 0.0
2024-05-08T13:54:06.814787 4.0 27.8 5.0 3.1
2024-05-08T13:54:07.816408 18.1 79.8 12.6 15.4
2024-05-08T13:54:08.817761 15.7 80.0 15.2 16.3
2024-05-08T13:54:09.818724 12.0 79.5 16.0 17.2
2024-05-08T13:54:10.820276 18.9 81.3 18.6 18.1
2024-05-08T13:54:11.820863 10.8 59.8 11.0 12.6
2024-05-08T13:54:12.822154 0.0 2.0 1.0 0.0
2024-05-08T13:54:13.822798 4.2 45.0 4.2 9.2
2024-05-08T13:54:14.824320 15.5 85.5 15.7 14.7
2024-05-08T13:54:15.825688 16.3 85.5 18.9 18.2
2024-05-08T13:54:16.826821 20.0 87.0 14.3 20.0
2024-05-08T13:54:17.828308 14.7 86.3 11.5 14.9
2024-05-08T13:54:18.829635 10.8 46.3 10.7 6.3
2024-05-08T13:54:19.830970 1.0 0.0 0.0 0.0
2024-05-08T13:54:20.832386 14.6 66.4 10.1 17.3
2024-05-08T13:54:21.833861 16.7 91.7 13.9 19.8
2024-05-08T13:54:22.834869 23.1 93.5 16.7 14.4
2024-05-08T13:54:23.836406 12.5 91.7 12.2 23.0
2024-05-08T13:54:24.838105 15.5 94.4 17.6 24.8
2024-05-08T13:54:25.839479 5.9 29.1 5.0 7.9
2024-05-08T13:54:26.840779 0.0 0.0 0.0 0.0
2024-05-08T13:54:27.842245 9.8 87.4 13.7 19.8
2024-05-08T13:54:28.842757 16.0 94.3 15.6 23.2
2024-05-08T13:54:29.844343 21.7 95.3 14.6 21.9
2024-05-08T13:54:30.845828 17.8 95.2 20.8 23.7
2024-05-08T13:54:31.846782 17.5 94.3 14.4 17.4
2024-05-08T13:54:32.848098 3.0 10.9 1.0 0.0
2024-05-08T13:54:33.848953 3.0 11.0 3.0 2.0
2024-05-08T13:54:34.850416 20.4 96.2 12.5 16.2
2024-05-08T13:54:35.851911 16.3 99.0 18.3 14.4
2024-05-08T13:54:36.853355 16.3 99.0 21.4 14.6
2024-05-08T13:54:37.854687 11.7 98.0 16.3 10.8
2024-05-08T13:54:38.855969 16.7 86.3 16.5 10.5
2024-05-08T13:54:39.856877 1.0 0.0 0.0 0.0
2024-05-08T13:54:40.858396 7.8 30.0 6.1 8.9
2024-05-08T13:54:41.859841 17.8 100.0 19.8 18.1
2024-05-08T13:54:42.861280 18.4 100.0 14.1 12.4
2024-05-08T13:54:43.862786 18.8 100.0 16.0 16.3
2024-05-08T13:54:44.864273 16.2 100.0 14.9 15.4
2024-05-08T13:54:45.865560 12.2 70.7 12.4 5.6
2024-05-08T13:54:46.866894 0.0 0.0 0.0 0.0
2024-05-08T13:54:47.868299 6.2 51.0 10.2 9.5
2024-05-08T13:54:48.869787 15.8 100.0 16.0 18.0
2024-05-08T13:54:49.871170 15.0 100.0 15.2 18.7
2024-05-08T13:54:50.872650 16.5 100.0 19.8 22.1
2024-05-08T13:54:51.874167 14.4 100.0 25.0 18.3
2024-05-08T13:54:52.875487 5.2 50.0 12.0 6.5
2024-05-08T13:54:53.876806 2.0 0.0 0.0 0.0
2024-05-08T13:54:54.878278 10.1 71.0 7.4 10.8
2024-05-08T13:54:55.879870 7.5 100.0 6.6 19.8
2024-05-08T13:54:56.881366 12.2 100.0 7.5 13.5
2024-05-08T13:54:57.882693 8.5 100.0 5.5 17.0
2024-05-08T13:54:58.884321 8.6 100.0 10.5 18.8
2024-05-08T13:54:59.885634 3.1 29.3 1.0 7.0
2024-05-08T13:55:00.886940 1.0 1.0 2.0 0.0
2024-05-08T13:55:01.888389 13.6 90.0 15.8 17.2
2024-05-08T13:55:02.889886 9.3 100.0 10.6 15.6
2024-05-08T13:55:03.890849 12.1 100.0 11.7 9.9
2024-05-08T13:55:04.892285 11.1 100.0 16.5 7.9
2024-05-08T13:55:05.893778 15.4 100.0 8.7 12.9
2024-05-08T13:55:06.895147 3.0 11.9 0.0 3.0
2024-05-08T13:55:07.896645 2.0 10.9 0.0 1.0
2024-05-08T13:55:08.898195 22.9 100.0 20.2 13.6
2024-05-08T13:55:09.899696 23.7 100.0 13.0 16.5
2024-05-08T13:55:10.901211 27.8 100.0 10.4 22.9
2024-05-08T13:55:11.902781 24.2 100.0 9.4 18.3
2024-05-08T13:55:12.904105 24.8 90.9 5.3 14.3
2024-05-08T13:55:13.905396 0.0 1.0 0.0 0.0
2024-05-08T13:55:14.906804 1.0 28.7 5.1 5.2
2024-05-08T13:55:15.908291 17.0 100.0 14.1 22.9
2024-05-08T13:55:16.909863 14.3 100.0 12.9 22.3
2024-05-08T13:55:17.910881 12.8 100.0 15.8 23.7
2024-05-08T13:55:18.912357 17.8 100.0 16.8 19.8
2024-05-08T13:55:19.913720 14.7 72.4 11.6 13.8
2024-05-08T13:55:20.914606 1.0 1.0 1.0 1.0
2024-05-08T13:55:21.916109 9.2 47.0 6.1 7.5
2024-05-08T13:55:22.917731 16.7 100.0 16.2 15.3
2024-05-08T13:55:23.918816 23.1 100.0 16.3 15.9
2024-05-08T13:55:24.920341 16.0 100.0 14.4 19.6
2024-05-08T13:55:25.921835 18.4 100.0 16.2 15.9
2024-05-08T13:55:26.923190 12.1 53.5 11.0 6.5
2024-05-08T13:55:27.924506 0.0 1.0 1.0 0.0
2024-05-08T13:55:28.925940 7.2 67.0 10.5 11.6
2024-05-08T13:55:29.926795 8.6 100.0 16.3 17.0
2024-05-08T13:55:30.928349 17.5 100.0 14.0 20.2
2024-05-08T13:55:31.929823 11.3 100.0 12.4 15.4
2024-05-08T13:55:32.930767 9.4 100.0 18.4 18.3
2024-05-08T13:55:33.932107 3.1 32.0 6.1 3.2
2024-05-08T13:55:34.933425 0.0 0.0 0.0 0.0
2024-05-08T13:55:35.934769 12.1 88.1 12.4 13.7
2024-05-08T13:55:36.936246 11.2 100.0 16.7 19.4
2024-05-08T13:55:37.937725 13.0 100.0 9.6 16.7
2024-05-08T13:55:38.938675 9.4 100.0 15.8 19.4
2024-05-08T13:55:39.940073 14.7 100.0 14.3 15.6
2024-05-08T13:55:40.941392 4.9 14.7 3.0 3.0
2024-05-08T13:55:41.942701 2.0 1.0 1.0 0.0
2024-05-08T13:55:42.944000 0.0 0.0 0.0 1.0
2024-05-08T13:55:43.945308 0.0 0.0 1.0 0.0
2024-05-08T13:55:44.946603 2.0 1.0 1.0 1.0
2024-05-08T13:55:45.947915 1.0 1.0 1.0 0.0
2024-05-08T13:55:46.949218 1.0 0.0 0.0 0.0
2024-05-08T13:55:47.950548 1.0 0.0 0.0 0.0
