2024-05-08T13:48:36.422574 0.0 0.0 0.0 0.0
2024-05-08T13:48:37.423961 0.0 0.0 1.0 0.0
2024-05-08T13:48:38.425256 0.0 0.0 0.0 0.0
2024-05-08T13:48:39.426214 0.0 0.0 0.0 0.0
2024-05-08T13:48:40.426658 1.0 1.0 1.0 1.0
2024-05-08T13:48:41.427937 0.0 1.0 0.0 0.0
2024-05-08T13:48:42.429277 0.0 1.0 0.0 0.0
2024-05-08T13:48:43.430626 2.9 0.0 1.0 2.0
2024-05-08T13:48:44.431918 0.0 1.0 0.0 0.0
2024-05-08T13:48:45.433240 1.0 0.0 0.0 1.0
2024-05-08T13:48:46.434559 0.0 0.0 0.0 1.0
2024-05-08T13:48:47.435843 0.0 0.0 0.0 0.0
2024-05-08T13:48:48.437148 3.0 4.0 4.0 3.0
2024-05-08T13:48:49.438492 0.0 0.0 0.0 1.0
2024-05-08T13:48:50.439797 2.0 1.0 1.0 1.0
2024-05-08T13:48:51.441122 0.0 1.0 0.0 0.0
2024-05-08T13:48:52.442479 0.0 0.0 0.0 0.0
2024-05-08T13:48:53.443844 1.0 0.0 0.0 0.0
2024-05-08T13:48:54.445173 0.0 1.0 1.0 0.0
2024-05-08T13:48:55.446515 0.0 2.0 0.0 1.0
2024-05-08T13:48:56.447840 1.0 1.0 1.0 2.0
2024-05-08T13:48:57.449170 1.0 0.0 1.0 0.0
2024-05-08T13:48:58.450488 1.0 1.0 0.0 1.0
2024-05-08T13:48:59.451757 1.0 2.0 0.0 0.0
2024-05-08T13:49:00.452980 2.0 17.3 1.0 2.0
2024-05-08T13:49:01.454342 3.0 14.2 3.0 4.0
2024-05-08T13:49:02.455725 4.0 15.7 3.0 2.0
2024-05-08T13:49:03.456757 2.0 9.9 2.0 2.0
2024-05-08T13:49:04.458051 2.0 12.4 1.0 1.0
2024-05-08T13:49:05.459364 1.0 1.0 1.0 0.0
2024-05-08T13:49:06.460652 2.9 8.6 0.0 3.9
2024-05-08T13:49:07.461977 6.7 39.7 4.0 5.9
2024-05-08T13:49:08.462766 5.0 38.0 4.9 9.4
2024-05-08T13:49:09.464094 6.7 38.4 5.9 10.4
2024-05-08T13:49:10.465408 6.8 39.3 8.5 10.4
2024-05-08T13:49:11.466707 4.0 35.1 4.9 5.0
2024-05-08T13:49:12.468074 0.0 1.0 1.0 1.0
2024-05-08T13:49:13.469224 7.5 24.2 1.0 2.0
2024-05-08T13:49:14.470715 9.4 52.1 10.4 12.0
2024-05-08T13:49:15.472003 6.8 51.2 8.7 15.3
2024-05-08T13:49:16.473306 11.1 52.1 9.5 14.5
2024-05-08T13:49:17.474736 5.0 50.9 6.9 11.3
2024-05-08T13:49:18.476055 6.7 38.6 5.8 7.7
2024-05-08T13:49:19.477364 0.0 1.0 0.0 0.0
2024-05-08T13:49:20.478688 6.8 38.0 4.0 6.8
2024-05-08T13:49:21.479975 8.8 56.5 7.7 16.8
2024-05-08T13:49:22.481320 11.3 57.3 7.8 12.1
2024-05-08T13:49:23.482716 10.5 57.0 9.5 7.8
2024-05-08T13:49:24.484028 12.1 56.8 7.7 10.5
2024-05-08T13:49:25.485333 5.0 34.8 6.7 5.8
2024-05-08T13:49:26.486645 1.0 1.0 0.0 0.0
2024-05-08T13:49:27.487972 6.9 47.3 8.7 7.8
2024-05-08T13:49:28.489286 18.6 59.9 14.7 14.0
2024-05-08T13:49:29.490793 9.6 59.5 15.3 12.3
2024-05-08T13:49:30.492080 12.4 60.1 12.4 11.5
2024-05-08T13:49:31.493410 11.5 59.6 12.1 16.2
2024-05-08T13:49:32.494736 4.9 24.4 3.0 4.9
2024-05-08T13:49:33.496021 0.0 0.0 1.0 0.0
2024-05-08T13:49:34.497378 8.7 57.9 7.9 14.3
2024-05-08T13:49:35.498863 16.2 62.3 18.6 14.6
2024-05-08T13:49:36.500173 14.7 62.3 16.7 17.0
2024-05-08T13:49:37.501475 11.4 62.5 17.9 7.4
2024-05-08T13:49:38.502849 13.0 62.6 13.9 17.8
2024-05-08T13:49:39.504176 3.0 10.5 1.0 3.0
2024-05-08T13:49:40.505480 2.0 7.6 1.0 2.0
2024-05-08T13:49:41.506806 8.8 64.9 16.4 18.7
2024-05-08T13:49:42.508142 19.3 65.4 9.7 23.0
2024-05-08T13:49:43.509461 13.3 64.9 14.0 18.9
2024-05-08T13:49:44.510807 15.5 64.7 19.8 21.4
2024-05-08T13:49:45.512108 13.2 62.4 13.2 16.2
2024-05-08T13:49:46.513407 0.0 1.0 0.0 1.0
2024-05-08T13:49:47.514769 4.0 23.9 4.9 1.0
2024-05-08T13:49:48.516190 20.5 66.9 16.0 20.2
2024-05-08T13:49:49.517496 21.1 66.4 15.1 18.5
2024-05-08T13:49:50.518808 18.3 66.2 13.6 17.3
2024-05-08T13:49:51.520184 16.7 66.4 13.5 14.6
2024-05-08T13:49:52.521492 9.7 52.9 8.8 15.0
2024-05-08T13:49:53.522828 0.0 0.0 1.0 0.0
2024-05-08T13:49:54.524283 7.8 38.8 6.0 7.0
2024-05-08T13:49:55.525643 14.6 69.0 13.7 14.1
2024-05-08T13:49:56.526834 23.0 69.7 17.0 16.7
2024-05-08T13:49:57.528260 17.0 69.2 12.0 19.0
2024-05-08T13:49:58.529567 20.5 68.5 13.6 22.7
2024-05-08T13:49:59.530894 13.0 43.9 7.0 9.9
2024-05-08T13:50:00.532215 2.0 1.0 1.0 0.0
2024-05-08T13:50:01.533505 13.3 54.1 9.7 12.1
2024-05-08T13:50:02.534884 10.4 74.3 11.9 21.2
2024-05-08T13:50:03.536365 16.5 74.6 11.8 19.4
2024-05-08T13:50:04.537720 19.4 73.9 12.7 18.8
2024-05-08T13:50:05.538868 17.0 73.5 15.0 17.0
2024-05-08T13:50:06.540255 6.9 30.6 2.1 8.9
2024-05-08T13:50:07.541554 0.0 1.0 1.0 1.0
2024-05-08T13:50:08.542817 12.7 69.6 6.2 11.8
2024-05-08T13:50:09.544362 19.1 77.8 15.1 26.9
2024-05-08T13:50:10.545752 14.6 77.0 11.1 19.6
2024-05-08T13:50:11.547194 13.6 78.1 10.0 15.8
2024-05-08T13:50:12.548584 17.6 77.5 12.6 18.4
2024-05-08T13:50:13.549976 2.0 15.4 2.0 2.0
2024-05-08T13:50:14.550850 1.0 5.9 0.0 2.0
2024-05-08T13:50:15.552268 16.8 82.5 17.5 17.7
2024-05-08T13:50:16.553607 12.0 84.7 18.1 19.4
2024-05-08T13:50:17.554765 18.3 83.3 13.0 21.2
2024-05-08T13:50:18.556277 13.6 84.0 17.3 26.9
2024-05-08T13:50:19.557577 16.7 80.2 19.3 24.5
2024-05-08T13:50:20.558944 1.0 1.0 1.0 2.0
2024-05-08T13:50:21.560515 1.0 23.1 0.0 5.1
2024-05-08T13:50:22.562065 18.1 85.3 5.5 23.2
2024-05-08T13:50:23.562792 15.0 85.5 15.5 20.0
2024-05-08T13:50:24.564365 12.4 85.0 14.0 20.7
2024-05-08T13:50:25.566073 15.8 86.7 20.4 15.1
2024-05-08T13:50:26.566922 16.8 67.5 9.2 17.5
2024-05-08T13:50:27.568269 1.0 1.0 0.0 0.0
2024-05-08T13:50:28.569768 8.9 42.5 7.1 8.2
2024-05-08T13:50:29.570928 19.4 91.8 15.3 23.5
2024-05-08T13:50:30.572687 25.2 90.8 16.0 15.7
2024-05-08T13:50:31.573265 20.8 91.0 12.4 19.1
2024-05-08T13:50:32.574843 20.2 90.9 20.8 19.1
2024-05-08T13:50:33.576176 8.2 52.9 9.0 14.7
2024-05-08T13:50:34.577476 0.0 0.0 0.0 0.0
2024-05-08T13:50:35.578790 17.6 58.3 10.2 11.7
2024-05-08T13:50:36.580223 21.1 92.6 23.8 17.6
2024-05-08T13:50:37.581739 26.9 91.7 13.7 22.4
2024-05-08T13:50:38.582776 24.8 91.7 18.2 21.1
2024-05-08T13:50:39.584403 24.0 91.7 15.5 21.6
2024-05-08T13:50:40.585709 11.7 36.5 8.9 11.0
2024-05-08T13:50:41.586601 1.0 0.0 0.0 0.0
2024-05-08T13:50:42.588215 14.7 80.4 4.4 18.7
2024-05-08T13:50:43.589713 24.8 97.1 14.1 16.7
2024-05-08T13:50:44.590847 26.0 99.0 19.4 19.8
2024-05-08T13:50:45.592405 22.7 100.0 16.3 23.2
2024-05-08T13:50:46.593951 21.9 100.0 13.5 21.3
2024-05-08T13:50:47.595267 5.9 18.8 2.0 2.1
2024-05-08T13:50:48.596749 0.0 3.0 1.0 1.0
2024-05-08T13:50:49.598181 15.2 100.0 21.6 20.4
2024-05-08T13:50:50.598739 23.0 100.0 21.9 20.6
2024-05-08T13:50:51.600127 22.0 100.0 18.9 21.0
2024-05-08T13:50:52.601540 16.3 100.0 20.0 15.1
2024-05-08T13:50:53.602656 14.1 99.0 21.4 16.0
2024-05-08T13:50:54.603977 0.0 0.0 0.0 0.0
2024-05-08T13:50:55.605529 2.0 20.8 3.0 4.1
2024-05-08T13:50:56.606740 11.5 100.0 11.7 24.2
2024-05-08T13:50:57.608183 16.2 100.0 9.6 25.3
2024-05-08T13:50:58.609711 13.1 100.0 9.8 23.2
2024-05-08T13:50:59.611139 12.1 100.0 9.5 20.2
2024-05-08T13:51:00.612416 9.3 81.0 9.5 16.8
2024-05-08T13:51:01.613723 1.0 0.0 0.0 0.0
2024-05-08T13:51:02.614744 9.1 37.4 6.0 5.2
2024-05-08T13:51:03.616283 23.5 100.0 15.0 18.1
2024-05-08T13:51:04.617730 19.4 100.0 10.5 18.3
2024-05-08T13:51:05.618702 18.8 100.0 12.4 24.0
2024-05-08T13:51:06.620222 17.4 100.0 10.5 17.2
2024-05-08T13:51:07.621585 7.5 64.0 6.2 14.1
2024-05-08T13:51:08.622897 0.0 0.0 1.0 0.0
2024-05-08T13:51:09.624442 9.5 58.0 5.2 11.8
2024-05-08T13:51:10.626059 25.5 100.0 12.7 24.4
2024-05-08T13:51:11.626868 19.8 100.0 10.1 25.8
2024-05-08T13:51:12.628383 13.3 100.0 11.1 17.9
2024-05-08T13:51:13.629824 25.7 100.0 12.1 29.5
2024-05-08T13:51:14.630690 11.7 43.4 5.9 11.2
2024-05-08T13:51:15.632055 0.0 1.0 0.0 0.0
2024-05-08T13:51:16.633455 17.0 77.8 12.9 8.2
2024-05-08T13:51:17.634723 21.3 99.0 22.0 9.5
2024-05-08T13:51:18.636101 20.2 100.0 20.8 7.5
2024-05-08T13:51:19.636703 20.0 100.0 22.4 14.9
2024-05-08T13:51:20.638168 24.7 100.0 22.7 12.5
2024-05-08T13:51:21.638623 4.1 24.8 5.1 4.0
2024-05-08T13:51:22.639916 1.0 0.0 1.0 0.0
2024-05-08T13:51:23.641401 16.3 96.0 12.2 29.1
2024-05-08T13:51:24.642808 10.8 100.0 14.9 17.8
2024-05-08T13:51:25.644322 9.7 100.0 11.2 24.7
2024-05-08T13:51:26.645924 17.8 100.0 9.4 18.7
2024-05-08T13:51:27.646792 18.8 100.0 11.3 13.1
2024-05-08T13:51:28.648109 1.0 3.0 0.0 2.0
2024-05-08T13:51:29.649506 3.0 17.0 1.0 0.0
2024-05-08T13:51:30.650707 21.6 100.0 18.6 25.5
2024-05-08T13:51:31.652104 19.2 100.0 13.1 21.4
2024-05-08T13:51:32.653597 15.1 100.0 11.6 18.1
2024-05-08T13:51:33.654960 16.0 100.0 11.5 18.9
2024-05-08T13:51:34.656266 12.6 84.3 11.1 16.5
2024-05-08T13:51:35.657598 0.0 0.0 0.0 0.0
2024-05-08T13:51:36.659152 5.2 36.0 5.1 7.3
2024-05-08T13:51:37.660666 16.0 100.0 9.7 24.5
2024-05-08T13:51:38.662113 18.4 100.0 10.5 30.1
2024-05-08T13:51:39.662736 15.8 100.0 11.5 27.3
2024-05-08T13:51:40.664236 11.2 100.0 9.7 21.1
2024-05-08T13:51:41.665619 10.4 64.6 6.2 15.5
2024-05-08T13:51:42.666952 0.0 0.0 0.0 1.0
2024-05-08T13:51:43.668458 9.3 56.4 5.2 8.5
2024-05-08T13:51:44.669907 17.7 100.0 16.7 17.0
2024-05-08T13:51:45.670938 21.0 100.0 9.5 17.0
2024-05-08T13:51:46.672426 15.1 100.0 8.6 16.7
2024-05-08T13:51:47.673862 13.2 100.0 11.5 15.2
2024-05-08T13:51:48.675168 12.6 44.0 6.1 7.2
2024-05-08T13:51:49.676474 0.0 0.0 0.0 1.0
2024-05-08T13:51:50.677822 1.0 1.0 1.0 0.0
2024-05-08T13:51:51.678650 0.0 0.0 0.0 1.0
2024-05-08T13:51:52.679979 1.0 1.0 1.0 0.0
2024-05-08T13:51:53.681307 0.0 0.0 1.0 0.0
2024-05-08T13:51:54.682598 2.9 0.0 0.0 1.0
2024-05-08T13:51:55.683956 0.0 1.0 0.0 1.0
