Random waveform, supplied seed
Total number of intervals = 450 (7434, 67201, 85927, 63953, 31595, 87879, 7287, 62295, 6561, 22532, 60653, 59076, 60154, 22964, 8172, 27652, 37594, 24367, 33771, 84944, 85666, 51918, 34406, 28664, 38289, 20658, 13840, 93419, 98284, 71313, 42089, 46458, 30755, 42889, 93552, 65694, 29574, 51355, 67361, 16287, 81508, 87619, 99068, 51267, 11822, 97494, 97350, 55460, 85984, 82043, 52873, 13911, 49984, 9274, 27187, 18735, 86505, 93039, 75999, 32324, 84255, 81759, 37291, 53818, 30297, 31569, 38927, 10652, 98119, 48176, 34929, 69735, 20753, 84642, 42333, 61587, 77998, 97625, 23781, 66723, 31016, 47394, 95335, 5252, 65908, 16889, 42912, 99898, 26385, 22616, 50605, 90283, 26273, 48521, 34058, 75648, 19482, 15054, 75754, 5187, 17656, 96343, 36665, 85269, 31525, 61798, 12253, 25710, 79937, 7271, 85861, 91467, 72217, 31080, 76878, 84584, 12492, 57106, 96245, 6791, 90728, 5151, 82969, 42635, 99337, 95192, 69200, 49459, 29055, 64324, 5705, 84816, 23714, 74116, 19948, 44213, 19454, 7190, 47657, 44399, 6481, 5807, 83137, 9580, 37385, 33706, 35204, 50438, 48878, 42682, 27416, 64424, 64364, 5481, 26227, 26586, 86286, 24452, 26832, 29795, 46224, 84587, 63389, 46953, 90536, 12508, 38491, 97806, 11813, 39665, 53571, 63215, 78767, 8615, 67903, 16398, 53434, 38068, 9130, 69227, 37496, 83925, 51037, 33690, 51474, 73708, 98618, 81977, 91567, 48236, 91726, 52458, 70467, 71151, 65016, 42057, 78821, 60720, 39911, 10628, 73736, 7334, 91868, 76670, 10405, 26019, 55530, 29615, 66057, 55281, 21177, 88239, 70227, 23421, 97104, 6235, 58045, 23729, 40897, 53312, 87262, 81836, 92274, 47252, 75747, 80994, 98224, 7737, 37514, 10640, 90490, 92514, 89245, 73823, 46565, 21419, 66915, 31667, 72255, 99535, 9226, 67844, 71413, 97328, 55113, 53743, 15253, 90605, 25767, 93458, 95080, 88399, 95681, 33003, 98809, 64610, 51183, 20194, 7602, 46677, 5577, 23035, 57516, 62851, 38431, 25729, 19443, 19461, 42341, 5691, 40223, 29941, 41162, 43863, 20318, 93421, 48578, 40595, 17677, 78948, 9703, 9686, 7968, 15830, 8192, 79410, 76582, 54634, 72177, 15101, 8167, 44130, 53047, 97171, 81360, 77277, 38294, 11165, 74155, 12255, 52404, 17057, 6005, 85707, 79742, 58322, 26212, 69487, 29507, 51412, 67374, 55125, 53048, 12192, 36138, 60799, 36368, 39729, 95693, 40999, 65037, 12633, 50117, 62765, 12379, 49369, 39111, 52692, 24539, 61591, 47864, 16479, 75268, 8714, 13002, 77147, 43518, 27206, 55859, 37448, 45026, 99974, 64632, 49061, 80418, 16471, 35694, 13935, 79838, 48842, 17708, 31401, 62091, 87121, 81929, 42013, 90709, 67578, 58116, 68886, 93119, 95079, 77456, 15723, 9867, 8176, 89745, 11058, 81413, 21659, 27181, 17420, 23028, 33694, 32735, 57645, 45216, 57659, 85443, 14390, 31520, 67089, 16537, 18930, 46784, 93102, 89799, 66551, 93104, 43768, 54006, 64618, 86482, 77459, 61365, 52346, 87286, 17384, 98165, 63330, 5866, 37693, 75360, 34753, 59823, 68266, 39383, 65072, 33192, 51847, 62362, 84073, 64213, 27059, 54703, 98366, 29565, 75000, 62235, 47788, 68928, 36478, 76067, 47020, 81656, 16396, 21661, 50156, 54102, 65670, 17584, 30347, 21534, 10216, 80544, 45508, 21591, 15435, 14502, 16369, 42077, 38334, 17694, 75056, 53845, 13319, 77808, 44423, 25669, 66463)
Average QPS expected = 50157
Timestamp start: 1715429695661
Timestamp end: 1715430596509

#type       avg     std     min      p5     p10     p50     p67     p75     p80     p85     p90     p95     p99    p999   p9999      QPS   target
read      397.3   781.3   173.5   223.4   241.4   350.9   385.1   400.7   413.7   428.9   451.0   493.7  1305.7 12031.3 35871.1   7349.0     7434
read      383.8   267.2   160.7   204.8   217.4   335.6   402.4   443.9   478.8   524.8   583.5   668.1  1276.8  3114.1  5509.4  66932.0    67201
read      366.8   293.0   160.7   205.7   218.7   325.8   389.2   426.8   456.7   493.6   541.2   617.4   819.7  3530.0  7914.5  86179.0    85927
read      372.3   212.8   160.7   204.3   216.4   334.0   398.3   437.7   472.5   518.9   577.8   658.9   884.3  1784.8  7866.9  64030.5    63953
read      390.7   234.0   160.7   203.5   217.2   336.4   431.9   492.3   531.5   572.0   618.0   679.4  1027.8  2034.1  9261.8  31590.0    31595
read      385.1   285.8   160.7   208.1   222.4   340.9   407.9   448.9   480.8   520.6   574.7   662.2  1087.1  3124.2  6642.3  87988.0    87879
read      361.3   342.3   160.7   215.4   231.3   334.7   369.4   387.2   398.3   413.2   432.7   467.4  1205.4  4075.7 13435.0   7487.5     7287
read      380.3   227.1   160.7   204.3   216.9   335.9   401.7   443.8   479.5   525.7   585.7   673.2  1190.7  2269.5  8077.6  62043.0    62295
read      363.7   451.7   173.5   219.1   237.6   333.9   365.7   383.1   394.7   407.7   429.5   466.9   835.7  6378.8 16135.9   6672.0     6561
read      395.7   229.7   160.7   207.6   222.0   354.6   453.7   500.1   528.6   558.5   592.9   656.4   964.3  2092.9  9136.8  22608.0    22532
read      431.3   281.4   160.7   216.4   231.4   380.5   468.3   521.7   561.6   612.8   678.8   783.2  1154.8  2498.1 11594.9  60276.5    60653
read      420.7   439.3   160.7   210.9   225.4   362.4   441.2   493.1   532.0   578.1   636.9   731.1  1233.1  5097.4 15265.9  59166.5    59076
read      379.1   192.7   160.7   207.7   221.6   345.1   415.3   457.6   491.8   534.3   585.5   656.2   783.2  1805.3  8310.7  59731.5    60154
read      381.8   281.1   160.7   206.7   220.4   343.1   437.8   481.5   508.2   535.2   565.9   609.1   724.0  2387.3 12421.1  22756.5    22964
read      376.4   420.7   173.5   220.8   236.2   355.2   390.4   405.7   418.8   431.9   452.0   482.5   690.6  7656.6 15498.8   8200.5     8172
read      377.3   181.9   160.7   206.0   219.8   337.6   430.8   482.5   514.0   544.6   579.3   627.5   727.3  1217.6  6396.5  27701.0    27652
read      377.2   196.1   160.7   203.9   217.6   331.8   415.4   471.0   512.4   554.2   599.7   660.0   761.6  1410.4  7599.3  37387.0    37594
read      386.9   267.1   160.7   206.5   220.3   341.1   440.2   488.9   518.4   547.4   582.6   635.4   825.7  3889.0  9894.1  24450.0    24367
read      409.2   402.7   148.8   203.9   218.4   341.4   430.9   492.5   533.1   576.4   627.7   710.9  1234.3  5288.5 15591.4  33449.0    33771
read      391.6   350.0   160.7   207.0   221.4   341.6   408.1   449.1   480.3   518.7   571.9   666.2  1333.9  3653.2 10101.4  84951.5    84944
read      360.7   177.6   160.7   205.1   217.8   325.7   389.5   427.4   457.3   494.0   541.3   615.6   803.7  1876.6  5287.7  86134.0    85666
read      372.7   226.0   160.7   202.8   214.7   332.1   394.8   436.0   474.0   524.5   581.5   655.2   858.6  2314.2  6740.7  52296.0    51918
read      390.3   242.0   160.7   203.3   217.1   337.8   423.7   482.2   522.3   562.6   609.2   675.2  1057.8  2342.9  8600.6  34369.0    34406
read      389.4   241.0   160.7   203.8   218.6   338.9   434.3   490.2   524.7   560.3   600.2   661.5  1000.5  1635.6 11157.9  28567.0    28664
read      407.9   435.3   148.8   206.4   222.0   345.7   427.4   486.4   529.5   574.5   625.3   689.6  1156.5  4729.2 27989.6  38348.0    38289
read      387.0   264.4   160.7   207.9   222.7   352.5   442.0   483.4   508.7   535.4   566.5   614.9   860.3  3589.6 10195.2  20760.5    20658
read      383.8   290.9   160.7   212.8   227.3   367.9   427.2   455.2   473.2   494.8   520.7   565.3   811.9  3778.0 15156.0  13867.5    13840
read      376.8   236.8   160.7   207.6   221.8   337.1   398.0   434.6   464.0   500.6   548.8   632.8  1197.7  2724.3  8327.5  93431.5    93419
read      360.8   191.3   160.7   207.9   222.3   331.6   389.7   423.8   450.0   481.9   524.3   589.7   749.7  1899.5  7081.8  98140.5    98284
read      365.2   197.7   160.7   204.3   216.5   330.3   395.0   432.7   463.8   502.6   553.4   632.5   804.8  1822.0  8117.7  71248.5    71313
read      388.2   361.3   160.7   203.5   216.7   333.2   404.3   457.3   499.6   547.2   601.4   673.4  1132.5  4152.6 19953.6  42143.0    42089
read      387.0   312.9   160.7   202.6   215.1   333.5   401.6   450.6   493.2   542.7   598.3   673.4  1170.8  3962.1 12096.7  46404.0    46458
read      389.0   343.9   160.7   202.8   216.0   329.6   425.9   482.6   521.4   560.8   603.2   668.4  1004.9  2757.8 13398.3  30661.0    30755
read      393.2   232.3   160.7   203.0   216.8   339.9   417.7   470.8   511.8   559.2   615.4   688.6  1244.1  2818.1  6901.7  42951.5    42889
read      383.8   329.4   160.7   208.0   222.0   339.0   402.8   443.7   474.7   511.6   561.7   647.6  1078.2  3332.5  8754.9  93701.0    93552
read      364.7   213.5   160.7   203.4   215.0   332.0   394.8   431.7   462.6   502.7   553.9   629.9   781.1  1727.6  8126.0  65761.5    65694
read      394.0   313.2   160.7   205.0   218.5   337.0   431.3   485.8   521.3   557.6   598.8   666.9  1091.8  4316.1  9930.3  29249.5    29574
read      384.5   245.9   160.7   202.9   215.7   336.3   403.2   450.6   491.2   540.7   598.5   677.8  1167.6  2891.3  8297.6  51349.5    51355
read      364.8   182.1   160.7   203.6   215.5   332.0   395.3   433.4   465.3   505.7   558.2   633.0   789.7  1858.3  5036.1  67447.5    67361
read      371.2   320.8   160.7   209.7   223.3   354.5   419.3   448.3   466.5   487.3   509.3   545.2   649.7  3143.6 12802.4  16185.0    16287
read      363.8   171.2   148.8   206.8   220.5   332.6   398.4   437.2   467.3   503.4   547.7   617.8   745.4  1471.2  7035.2  81417.5    81508
read      376.6   192.1   160.7   209.0   223.6   341.9   407.1   446.4   476.9   514.7   564.2   638.4   850.8  2241.5  5218.7  87357.0    87619
read      392.8   375.1   160.7   214.3   230.2   353.6   416.5   454.8   484.9   522.2   572.1   656.9   896.5  3288.0 13666.9  99097.0    99068
read      375.9   196.0   160.7   206.3   219.8   342.4   409.6   455.0   492.0   536.0   587.3   655.3   763.2  1280.4  7815.0  51130.0    51267
read      374.9   359.7   160.7   216.3   230.0   363.7   410.9   433.5   449.0   465.0   487.2   520.2   664.1  2702.9 14879.1  11666.0    11822
read      370.8   200.7   160.7   212.3   227.0   341.2   401.8   437.9   466.0   500.6   544.7   615.2   782.7  1549.1  8117.0  97390.5    97494
read      367.6   186.9   160.7   211.7   226.6   339.6   399.2   434.7   462.5   496.8   541.0   609.2   757.6  1499.3  7690.6  97318.0    97350
read      377.7   189.9   160.7   207.0   221.3   345.4   411.3   453.5   488.7   532.9   585.4   654.4   760.4  2208.2  5115.2  55545.5    55460
read      369.2   210.7   160.7   208.4   222.5   336.2   401.4   439.3   468.8   505.8   552.1   627.0   777.1  1763.1  8396.3  86051.0    85984
read      365.9   214.2   160.7   207.6   221.4   333.9   399.1   437.5   467.6   504.5   551.6   623.5   748.4  1429.9  8316.4  82278.0    82043
read      375.6   194.2   160.7   206.7   220.7   342.1   408.4   452.0   488.6   534.7   586.2   653.8   750.8  1467.0  7592.7  53128.5    52873
read      376.3   250.8   160.7   215.4   228.4   367.3   425.3   452.0   468.9   489.4   511.3   545.9   640.5  3348.3  7976.3  14051.0    13911
read      379.1   175.8   148.8   207.0   221.1   346.3   414.7   458.6   495.5   538.9   589.4   659.7   781.5  1414.7  4872.3  50138.0    49984
read      362.4   262.2   173.5   218.8   231.9   352.8   391.5   409.3   422.9   436.4   458.0   489.3   587.4  3857.2 12084.7   9343.5     9274
read      373.2   169.6   160.7   206.6   220.6   334.5   426.0   476.9   508.0   539.6   575.4   625.7   711.9  1119.5  7039.1  27263.0    27187
read      372.9   218.7   160.7   209.5   223.5   350.4   430.3   465.8   488.4   511.5   537.8   575.6   664.5  2186.7 11172.3  18881.5    18735
read      371.8   245.6   160.7   208.3   222.5   337.1   400.4   438.2   468.4   504.0   548.8   623.8   808.6  1899.3 10522.6  86713.5    86505
read      370.6   287.7   148.8   209.5   223.9   337.9   399.4   436.4   465.2   500.3   544.7   614.9   781.8  1832.3 14597.8  92795.5    93039
read      400.3   874.0   160.7   207.5   221.6   344.7   413.9   456.1   488.7   527.9   578.6   657.8   846.7  4030.7 39788.7  75974.5    75999
read      382.0   270.0   160.7   206.7   221.3   339.6   422.5   474.1   509.0   545.8   586.2   645.3   765.5  1696.1 10133.6  32358.0    32324
read      366.1   165.1   160.7   208.2   222.1   336.5   401.0   438.8   468.5   504.8   549.7   621.7   756.2  1281.0  6263.5  84130.0    84255
read      369.5   189.8   160.7   208.9   222.8   337.2   402.9   443.0   472.6   510.3   558.1   628.9   772.8  1592.1  6749.4  82211.0    81759
read      381.3   203.2   160.7   206.3   220.5   339.2   420.2   472.4   512.2   554.8   600.4   662.0   768.4  1314.4  8220.6  37499.0    37291
read      389.4   293.1   160.7   207.4   221.2   346.9   412.2   456.0   492.7   538.1   593.7   675.6  1152.5  2067.2 11649.6  53735.0    53818
read      392.9   234.1   160.7   207.1   221.4   341.8   431.5   488.7   524.8   562.2   606.5   675.6  1041.2  2552.6  6444.5  30173.5    30297
read      396.3   381.3   160.7   206.6   220.7   340.2   424.6   479.8   518.5   557.3   602.9   670.5  1056.4  4403.4 12798.1  31845.0    31569
read      396.4   263.2   160.7   206.0   220.3   345.2   424.2   478.8   521.4   567.5   620.2   688.3  1135.9  1883.2 12125.1  38927.5    38927
read      376.4   438.9   173.5   213.2   227.3   361.4   408.5   430.9   446.6   463.7   488.0   532.5   726.4  4112.3 20249.1  10812.5    10652
read      392.6   264.6   160.7   214.5   229.8   352.6   417.0   456.5   486.7   524.1   575.3   662.9  1064.7  2620.2  7922.2  97994.5    98119
read      379.1   227.2   160.7   206.6   219.9   341.7   406.6   450.6   488.1   533.9   587.2   661.0   838.6  1758.0  8701.7  48401.5    48176
read      394.2   292.7   160.7   205.1   219.6   342.2   427.9   486.4   527.0   570.0   618.5   681.7  1026.2  1741.9 12900.5  35160.5    34929
read      388.2   336.6   160.7   208.0   221.5   344.5   413.2   454.9   488.0   529.8   583.5   664.6  1062.6  2753.3 10199.3  69537.0    69735
read      390.1   381.7   160.7   207.6   221.1   351.1   439.9   481.2   506.5   534.5   568.5   625.3   990.9  2571.0 12765.5  20785.5    20753
read      388.5   302.6   160.7   209.1   223.3   342.5   410.8   452.5   484.8   524.2   574.9   657.9  1103.6  3325.8 10277.7  84095.0    84642
read      390.6   221.5   160.7   206.8   220.8   345.1   417.4   467.6   510.4   559.6   616.4   688.5  1041.1  2086.3  5429.4  42679.5    42333
read      385.2   244.6   160.7   207.6   221.3   348.9   414.5   455.8   489.6   533.0   587.3   668.5   919.1  2391.8  7276.8  61971.5    61587
read      384.0   243.7   160.7   209.3   223.4   344.2   414.2   455.4   487.6   528.3   579.6   659.8   890.9  2164.3  6812.4  78011.5    77998
read      375.7   221.6   160.7   211.8   226.5   343.1   404.3   441.5   469.2   505.5   550.9   623.1   799.5  2620.2  8923.8  98101.0    97625
read      389.9   279.7   160.7   206.3   219.9   343.5   443.0   488.0   517.2   546.7   582.0   636.9   913.0  4423.0 11286.3  23797.5    23781
read      388.9   245.6   160.7   207.6   221.3   346.0   414.6   455.7   488.5   530.5   584.6   669.9  1179.1  2518.2  7661.3  66888.0    66723
read      389.0   224.8   160.7   206.3   220.2   338.6   428.4   483.9   522.0   560.2   605.2   674.8  1000.8  1736.8  6922.6  31073.0    31016
read      399.5   280.6   160.7   208.3   222.7   354.4   427.0   475.4   516.5   563.6   622.3   701.8  1067.6  2145.5  9229.9  47497.5    47394
read      373.6   192.9   160.7   211.1   225.7   341.0   404.6   444.0   473.8   510.4   559.1   630.2   801.0  1743.6  7514.3  95393.0    95335
read      380.0   589.9   160.7   224.5   249.2   328.7   357.1   373.5   386.3   399.4   424.1   483.7  2081.2  7708.3 20466.8   5286.5     5252
read      385.8   230.2   160.7   207.1   220.6   344.5   412.8   455.3   489.3   531.6   585.8   666.8  1047.6  2780.8  7412.4  65546.0    65908
read      383.0   289.4   160.7   208.4   221.9   363.0   437.1   471.2   492.4   514.7   542.0   588.0   799.9  2312.4 11879.3  16800.5    16889
read      392.0   216.0   160.7   205.4   219.2   347.0   418.2   468.6   509.8   557.1   611.9   683.2  1154.3  1879.7  6570.3  42888.0    42912
read      389.0   323.5   160.7   214.7   230.4   352.6   415.8   454.4   484.1   521.4   569.8   642.5   864.4  2698.7 11818.6  99584.5    99898
read      389.5   275.1   160.7   206.1   219.7   337.5   433.5   486.3   518.9   551.5   589.5   654.2  1005.8  3288.2 11772.1  26332.5    26385
read      386.8   225.1   160.7   206.9   220.5   346.6   445.5   490.2   518.0   546.0   579.6   631.2   900.2  2107.2  8030.9  22694.0    22616
read      391.4   246.7   160.7   206.8   220.6   347.6   415.3   460.4   497.2   542.5   598.5   678.9  1113.8  2969.1  7901.5  50480.5    50605
read      374.0   314.9   160.7   209.3   223.4   338.7   401.8   439.2   468.8   505.3   551.7   625.2   804.2  2444.6  9626.6  90619.5    90283
read      385.3   229.6   160.7   206.8   220.0   334.9   429.2   482.8   515.4   548.7   587.4   651.8   959.2  3093.8  7983.2  26468.5    26273
read      387.7   252.6   148.8   205.9   219.5   343.6   410.2   456.5   495.5   543.3   600.2   678.2  1082.7  1962.9  8048.0  48316.5    48521
read      393.1   345.9   160.7   204.9   219.2   338.8   423.5   481.2   520.4   561.6   609.2   677.2  1060.6  2307.3 19573.6  34111.5    34058
read      387.5   289.9   160.7   207.0   220.7   341.6   410.7   453.1   485.7   525.9   578.6   663.6  1092.0  3655.0  8074.2  75617.0    75648
read      387.8   282.2   160.7   209.5   223.3   356.8   439.3   478.8   503.3   529.5   560.2   616.3   895.4  2362.5 10702.1  19525.0    19482
read      379.9   226.7   160.7   209.9   223.6   364.6   429.7   460.8   480.9   501.8   529.4   573.8   770.9  2512.9  7937.0  15030.0    15054
read      385.0   227.7   160.7   207.9   221.7   342.9   411.7   454.0   486.6   527.4   579.9   665.2  1109.1  2460.3  4929.0  75528.5    75754
read      354.8   384.5   173.5   225.1   248.9   323.5   347.8   364.0   374.1   388.2   402.6   448.6  1121.1  7737.1 15647.4   5168.0     5187
read      383.3   214.9   160.7   209.0   222.8   362.2   438.3   474.3   497.2   521.8   548.5   593.7   826.4  2367.9  7977.7  17678.0    17656
read      385.8   291.0   160.7   212.9   228.3   348.2   411.6   450.9   480.6   518.3   565.9   640.6   873.5  2815.0  8525.1  96109.0    96343
read      391.6   233.0   160.7   205.9   219.9   343.2   418.8   472.8   514.0   556.0   608.2   679.6  1088.9  2678.6  7349.2  36675.5    36665
read      385.9   325.1   160.7   209.5   223.6   343.6   409.4   450.7   482.7   521.8   572.5   651.6   921.7  3782.5  8787.6  85105.0    85269
read      389.4   218.8   160.7   206.1   220.1   338.1   423.6   481.1   520.2   559.4   604.9   673.8  1049.5  2027.9  7904.4  31680.0    31525
read      390.5   277.1   160.7   207.4   220.8   350.1   417.9   459.5   493.2   536.3   593.0   673.6   972.7  3729.8 10538.7  61517.0    61798
read      383.8   366.3   160.7   212.1   226.2   368.2   420.5   446.1   463.6   484.2   507.5   547.8   789.5  4361.2 14581.5  12166.5    12253
read      394.3   241.5   160.7   206.0   220.2   344.5   441.2   492.7   524.7   557.3   593.4   656.7  1014.4  3861.7  8108.5  25508.5    25710
read      382.4   233.8   160.7   208.2   221.9   341.1   410.1   452.7   485.0   524.9   577.2   659.3   963.9  2442.9  7291.9  80317.5    79937
read      363.5   344.5   173.5   218.1   234.4   340.2   375.0   393.0   404.2   421.9   443.1   490.6   687.2  4259.0 15703.9   7349.5     7271
read      386.8   269.6   160.7   209.6   223.9   342.7   411.7   454.2   487.5   527.5   578.7   660.6  1031.1  3047.3  7350.0  85005.0    85861
read      371.4   205.0   160.7   209.1   223.2   339.1   403.2   441.5   470.0   505.4   549.9   624.1   806.4  1812.7  5216.0  91822.5    91467
read      373.9   212.3   160.7   207.0   220.9   338.8   408.4   449.9   481.3   519.7   568.2   638.5   799.6  2255.3  9005.8  72340.0    72217
read      377.1   230.8   160.7   206.0   220.1   332.5   418.2   469.4   505.3   540.9   579.6   634.3   770.2  2917.1  8117.6  31070.5    31080
read      390.1   267.6   160.7   208.0   222.2   344.8   419.1   462.9   496.0   536.3   589.8   677.5  1097.6  2619.2  8832.0  77035.5    76878
read      370.2   203.3   160.7   208.8   222.9   338.1   404.5   445.1   475.0   511.8   558.9   631.0   777.3  1443.1  7172.6  84771.5    84584
read      419.3   546.0   160.7   211.5   226.3   375.8   433.4   464.9   490.2   522.8   572.3   657.2   902.9  7523.2 20228.6  12640.0    12492
read      412.7   291.8   160.7   208.5   222.3   349.9   419.5   467.3   506.9   558.2   629.2   757.8  1654.9  2628.6  7034.2  56980.0    57106
read      388.6   325.1   160.7   214.2   229.2   350.2   415.4   455.0   484.7   521.1   570.3   646.2   859.9  3273.7 14720.3  96178.5    96245
read      370.3   413.8   173.5   219.0   238.8   342.7   378.3   397.6   412.4   430.8   458.8   504.9   742.9  4008.0 19968.1   6738.0     6791
read      442.0   518.3   160.7   215.0   231.4   364.6   435.1   480.6   517.0   563.7   629.5   767.0  1917.1  5778.4 18227.4  90336.5    90728
read      434.2  1140.1   173.5   223.0   246.2   329.8   362.1   381.4   396.0   415.4   446.2   524.2  2762.5 23146.0 35101.2   5144.0     5151
read      488.9   595.0   160.7   216.2   233.3   377.3   453.4   504.3   546.8   605.3   696.1  1130.3  2363.6  7712.5 19391.1  82276.5    82969
read      409.0   507.1   160.7   206.7   220.5   345.5   419.0   469.2   509.0   555.6   612.1   691.6  1322.3  6400.2 27535.1  42535.5    42635
read      372.0   166.2   148.8   212.5   227.5   343.4   403.7   440.3   468.3   503.0   546.6   619.6   798.2  1628.2  4990.8  99096.5    99337
read      369.1   194.5   148.8   209.0   223.8   338.9   401.1   437.4   465.9   499.9   542.6   611.8   781.2  2099.8  7524.9  95203.0    95192
read      417.5   310.5   148.8   209.7   224.5   359.2   436.5   488.5   527.5   575.0   641.3   776.5  1392.5  3476.2  8189.1  69232.5    69200
read      412.6   324.4   160.7   207.2   220.9   348.7   423.6   475.9   520.1   570.6   636.7   746.9  1445.7  3956.5 10024.7  49509.0    49459
read      449.9   699.4   160.7   205.8   220.0   353.9   459.8   518.8   558.2   609.1   690.4   917.9  1320.8  9566.6 38771.7  28989.0    29055
read      406.4   329.3   148.8   206.9   220.7   342.9   409.3   452.7   489.8   539.0   609.2   732.8  1674.1  2911.5 11129.4  64366.0    64324
read      381.4   544.5   160.7   218.6   239.4   335.8   373.8   394.7   409.3   428.5   455.6   500.8  1168.6  8095.0 21209.6   5646.5     5705
read      408.9   367.1   160.7   208.5   223.0   346.8   417.3   460.9   495.5   538.7   599.0   709.8  1693.4  4373.8 11974.5  84437.5    84816
read      443.8   423.4   160.7   206.9   220.6   369.6   472.7   526.5   567.7   629.4   742.2   905.9  1265.7  5515.1 15220.5  23710.0    23714
read      448.8   500.3   160.7   208.3   222.8   356.2   429.4   478.1   517.4   567.3   642.7  1035.2  1932.3  5063.1 14167.6  74021.0    74116
read      412.1   365.3   160.7   206.7   220.6   367.8   454.8   496.6   525.8   561.1   621.7   759.3  1005.3  3230.8 13426.2  20060.5    19948
read      391.8   265.9   160.7   204.7   217.8   338.9   412.3   465.2   507.0   555.4   615.8   693.5  1182.2  1987.6  9527.8  44097.5    44213
read      466.6   829.9   160.7   207.6   222.1   389.3   479.1   527.0   565.0   621.1   703.8   822.4  1144.4 13131.2 31849.5  19603.0    19454
read      392.9   515.5   173.5   214.6   232.6   355.0   397.2   422.3   440.9   464.5   497.4   549.3  1311.9  8099.4 18368.9   7165.0     7190
read      410.9   324.8   160.7   205.2   219.1   342.1   412.9   464.7   508.0   562.4   630.4   748.6  1537.2  3543.6 10649.7  47581.5    47657
read      382.3   284.6   160.7   204.0   216.3   332.7   400.3   449.4   490.4   538.1   593.1   671.9  1136.1  3417.6 12384.8  44424.5    44399
read      380.1   435.0   173.5   214.1   234.4   344.4   384.0   404.2   422.5   443.2   471.6   522.6   871.6  7663.8 17188.9   6471.0     6481
read      383.5   550.3   173.5   219.4   240.6   340.9   377.2   396.9   411.9   431.4   459.1   506.2  1215.3  8481.7 18770.4   5737.0     5807
read      425.2   449.2   160.7   208.5   223.1   349.5   420.6   465.6   501.6   545.5   609.1   734.9  1792.3  5603.8 15171.5  82791.0    83137
read      408.8   728.1   160.7   210.0   224.5   353.7   399.6   423.7   440.8   465.6   500.9   566.3  1536.0  9639.3 31349.4   9752.5     9580
read      472.5   512.1   160.7   206.1   220.6   353.5   464.4   543.8   604.6   703.6   888.8  1101.7  1502.4  6572.3 15719.4  37285.0    37385
read      482.4   443.9   160.7   207.3   221.5   361.3   487.5   572.6   648.2   789.8   952.6  1129.2  1465.2  4122.2 15177.4  33601.5    33706
read      427.2   520.2   160.7   204.7   218.3   341.6   435.8   501.7   545.9   595.7   675.7   923.7  1310.6  3863.9 31295.7  35198.5    35204
read      418.8   512.9   160.7   205.5   218.9   343.9   412.2   460.7   502.5   553.1   617.9   721.1  1669.7  6368.6 13797.4  50413.5    50438
read      382.5   298.9   160.7   205.0   218.3   339.2   401.9   447.2   487.8   535.3   590.0   667.6   929.6  3273.6 12671.5  48939.0    48878
read      376.0   202.0   160.7   204.5   217.3   335.1   402.5   450.0   490.0   536.6   589.2   660.6   917.4  1660.1  5218.2  42828.0    42682
read      427.8   303.8   160.7   206.3   220.3   354.3   459.8   518.9   559.5   613.8   717.4   898.8  1187.8  2739.9  7644.0  27320.0    27416
read      396.7   334.3   148.8   206.2   219.5   341.1   408.5   452.1   488.0   532.7   591.4   692.7  1448.5  3698.7 11093.0  64331.5    64424
read      385.3   286.8   148.8   205.3   218.4   341.1   409.4   451.4   485.2   527.9   583.7   671.6  1100.2  2723.9  9321.8  64418.5    64364
read      414.5   958.5   173.5   219.2   242.6   337.6   374.6   394.6   408.7   429.9   462.5   518.3  2062.5 13421.3 36384.7   5521.5     5481
read      437.1   489.6   160.7   206.0   219.6   353.5   457.2   513.0   547.9   593.2   675.8   855.8  1253.5  7584.4 10064.1  26243.5    26227
read      430.6   317.5   160.7   205.8   219.3   356.4   464.0   523.0   562.5   615.2   719.2   905.7  1214.6  3690.5 10534.4  26569.5    26586
read      414.0   485.5   160.7   209.5   224.1   350.1   419.1   462.1   495.4   536.0   590.4   689.8  1692.3  6054.4 15490.5  86173.0    86286
read      442.0   343.1   160.7   206.5   220.3   364.9   469.1   523.7   564.9   630.6   746.1   904.5  1327.6  4161.0 10704.9  24490.5    24452
read      430.1   292.8   160.7   205.0   218.7   360.6   467.0   523.0   564.0   621.4   730.7   893.5  1151.4  3615.2 10000.5  26662.5    26832
read      468.4   760.9   160.7   206.0   219.8   354.8   467.4   533.5   583.7   656.5   791.3   993.8  1398.5 13085.2 31938.7  29861.0    29795
read      398.1   260.7   148.8   206.0   220.0   343.9   416.4   467.0   508.8   557.4   618.0   705.8  1324.6  2301.3  7312.3  46017.5    46224
read      371.6   184.9   160.7   207.1   220.7   335.8   401.8   441.4   471.4   508.7   559.2   636.0   862.7  1844.7  4409.8  84467.5    84587
read      377.3   262.1   148.8   205.1   217.6   339.2   402.8   443.8   477.0   518.8   572.5   649.9   888.0  3061.7  9324.9  63356.0    63389
read      396.7   350.1   160.7   207.2   220.8   351.1   423.6   471.2   509.9   557.1   616.4   694.0  1018.5  3554.4  7487.1  47044.0    46953
read      369.7   205.7   160.7   207.9   221.9   336.6   399.9   436.6   465.7   501.6   547.9   622.3   803.6  2558.4  8214.4  90380.5    90536
read      406.0   400.1   160.7   207.9   221.9   375.8   433.7   465.7   490.2   520.1   566.2   640.5   856.6  4803.3 15650.3  12572.0    12508
read      431.3   369.3   160.7   205.2   219.4   347.9   438.3   504.8   551.6   608.1   688.0   952.3  1440.1  3416.5 15120.9  38378.0    38491
read      422.0   582.6   160.7   213.0   229.3   360.0   426.1   467.6   500.0   539.2   592.0   689.6  1092.0  8521.1 28537.2  98047.0    97806
read      418.0   763.1   160.7   209.7   224.1   369.4   425.2   455.2   476.6   505.9   549.2   629.7   981.6  9795.6 36829.3  11818.0    11813
read      410.6   275.8   160.7   204.8   218.2   337.7   418.8   480.7   526.9   577.2   641.5   841.1  1435.2  2314.0  7439.6  39330.5    39665
read      384.7   229.1   160.7   205.5   218.3   339.2   405.9   451.1   488.5   533.6   590.7   678.0  1237.9  2114.9  7766.8  53527.0    53571
read      380.5   316.4   160.7   206.0   219.1   338.9   403.7   445.2   479.3   522.9   577.0   656.7   896.8  3471.6 10824.1  63037.0    63215
read      383.8   260.5   160.7   206.9   220.4   338.1   403.8   443.3   473.9   513.9   568.4   652.4  1273.9  3329.4  8194.1  78674.5    78767
read      392.9   383.3   160.7   210.6   227.6   357.3   407.5   435.2   458.8   486.2   521.2   579.6  1033.9  7649.8 12678.7   8717.5     8615
read      412.2   358.3   160.7   206.9   220.6   343.6   409.0   451.8   487.2   533.4   598.6   731.6  1798.0  3842.9  9086.6  67893.5    67903
read      419.0   372.9   160.7   207.1   221.0   379.8   451.9   490.2   518.9   558.2   626.1   734.0   989.0  4069.9 15744.3  16545.5    16398
read      398.9   310.5   160.7   205.8   219.0   341.5   408.7   455.8   497.0   546.1   610.8   707.7  1459.0  2950.8  8863.2  53445.5    53434
read      407.6   416.8   160.7   204.4   217.0   336.3   418.0   474.3   517.9   565.1   623.6   731.9  1375.8  4995.5 14692.4  38339.0    38068
read      392.9   485.5   160.7   209.9   225.5   355.2   401.5   426.5   445.1   468.6   506.0   571.7   893.0  9011.1 18331.9   9186.0     9130
read      417.1   346.2   148.8   207.0   221.1   345.2   415.6   461.7   499.6   546.4   613.1   764.8  1775.1  4399.4  8000.3  69212.0    69227
read      396.4   299.4   160.7   204.8   218.0   333.9   411.3   468.7   511.6   557.8   614.1   711.5  1262.5  2770.6  9315.4  37532.5    37496
read      377.3   259.7   160.7   207.2   220.8   333.9   400.2   440.0   470.9   509.3   560.5   640.2  1071.8  2711.6  8046.8  83790.0    83925
read      379.3   303.4   160.7   205.0   218.1   338.3   402.4   445.5   482.4   529.0   583.4   660.1   857.6  3802.6  9349.1  51026.5    51037
read      449.7   577.0   160.7   206.4   220.4   343.4   442.6   509.4   554.3   611.6   715.0   982.7  1459.6  8422.4 27965.4  33909.0    33690
read      401.7   405.8   148.8   205.7   218.7   342.7   411.3   457.7   497.8   546.2   608.7   696.6  1406.0  4473.6 10851.8  51349.5    51474
read      372.7   216.5   160.7   207.8   221.6   337.1   402.8   443.4   474.3   512.3   564.0   641.9   824.6  2220.1  7453.2  73721.0    73708
read      370.0   193.2   160.7   210.7   225.7   338.8   398.7   434.0   462.0   495.8   539.0   609.0   825.0  1872.8  7725.5  99011.0    98618
read      381.1   243.6   160.7   207.8   221.7   336.4   402.3   442.9   473.8   512.9   564.9   648.3  1300.9  2484.2  7189.0  82441.5    81977
read      379.6   298.1   160.7   209.1   223.4   339.7   403.6   443.5   473.2   510.6   560.3   636.4   861.1  3858.9  9783.4  91641.0    91567
read      392.1   392.3   160.7   206.4   220.0   346.3   413.4   459.4   498.2   544.4   598.7   674.8   934.7  4664.2 10981.6  48413.0    48236
read      377.1   225.3   160.7   208.1   222.1   337.8   399.2   436.1   466.1   502.7   549.7   631.1  1255.2  2411.6  8095.3  91455.0    91726
read      376.2   207.7   148.8   205.6   218.6   340.9   404.8   446.9   483.4   528.4   581.4   656.6   846.7  1758.5  8899.9  52661.0    52458
read      376.3   229.5   148.8   205.8   218.6   335.7   402.6   442.9   474.8   514.5   566.9   648.6   982.6  2527.8  6360.6  70500.5    70467
read      386.8   306.2   160.7   206.0   219.1   338.5   404.2   445.0   477.0   518.6   573.9   662.1  1360.9  3689.3  9841.4  71258.5    71151
read      373.4   185.8   160.7   206.1   219.0   338.0   404.1   443.6   475.1   516.0   568.7   648.1   890.5  1821.7  4023.6  65121.5    65016
read      382.3   280.8   160.7   204.6   217.7   334.0   403.3   453.0   492.9   538.0   588.5   658.5   876.8  4551.2 10401.5  42284.0    42057
read      373.1   265.8   160.7   206.8   220.3   333.7   400.9   441.3   472.0   510.9   561.3   638.7   851.8  2380.2  8652.9  78768.0    78821
read      377.2   239.7   160.7   205.5   218.6   339.7   403.3   443.2   476.3   521.3   576.7   656.8   871.2  2366.2  6241.8  60621.0    60720
read      382.4   218.4   160.7   204.3   217.4   331.4   404.3   458.2   500.9   546.3   599.0   676.2  1102.0  2165.5  5538.3  40026.0    39911
read      394.6   313.8   160.7   210.4   225.2   365.3   420.0   449.5   470.6   501.0   543.7   615.2  1008.0  4029.1 12779.7  10711.5    10628
read      394.7   274.9   160.7   206.8   220.6   341.5   409.2   452.3   486.4   529.6   586.7   681.7  1532.7  3538.8  8164.9  73022.0    73736
read      412.9   758.9   160.7   213.8   230.9   346.2   390.8   414.2   433.1   460.5   496.9   553.2  2005.5 10385.4 29562.2   7435.0     7334
read      397.7   332.1   160.7   209.8   224.4   344.9   412.2   453.9   486.6   527.6   580.2   668.2  1435.2  4493.7  9988.0  91172.0    91868
read      372.0   230.2   160.7   205.9   218.8   332.1   397.6   436.3   468.4   508.4   560.0   639.1   931.3  2148.8  9262.3  76576.5    76670
read      449.3   966.0   160.7   212.1   227.1   369.9   422.0   451.2   471.8   503.4   546.3   622.1  2099.9 16295.1 32488.0  10375.5    10405
read      432.0   340.8   160.7   205.6   219.0   356.5   464.5   521.6   559.8   614.8   718.7   903.3  1192.3  3212.8 13085.6  25892.0    26019
read      390.4   263.7   148.8   205.6   218.6   343.5   412.1   457.8   495.5   540.8   598.4   682.4  1258.4  2174.9  9056.5  55535.5    55530
read      439.0   327.7   160.7   205.9   219.8   352.6   461.5   524.3   568.4   627.6   736.5   956.3  1340.6  3985.0  8553.0  29580.0    29615
read      387.1   262.9   160.7   206.0   219.3   340.8   406.8   448.3   482.0   524.7   581.3   670.8  1278.7  3057.2  8124.0  66133.5    66057
read      376.4   197.7   160.7   204.5   217.1   340.6   401.4   442.2   476.8   523.3   581.4   661.4   930.0  1910.9  4979.3  54855.0    55281
read      418.7   308.6   160.7   206.3   220.2   371.3   462.0   506.7   538.1   578.9   649.6   790.7  1064.6  3704.2 11393.3  21386.5    21177
read      405.4   323.8   148.8   208.9   223.9   347.3   415.6   457.5   490.5   532.4   588.6   691.1  1653.0  3987.2  8579.1  88520.0    88239
read      370.6   213.1   160.7   205.4   218.3   336.4   401.0   439.6   470.1   509.1   559.1   635.3   818.8  2154.7  7371.2  70348.5    70227
read      412.6   261.8   160.7   205.8   219.6   359.3   454.6   504.1   538.1   581.1   657.3   813.3  1067.1  2803.9  9568.5  23518.0    23421
read      418.0   461.6   160.7   212.6   228.6   356.6   425.0   467.0   499.4   538.9   590.5   678.1  1510.3  6339.9 14773.9  96745.0    97104
read      375.3   403.2   173.5   215.0   233.6   340.1   378.2   398.9   416.1   436.6   468.3   520.1   785.1  7243.8 15763.3   6309.5     6235
read      396.3   276.8   160.7   206.0   219.4   343.7   409.2   452.2   490.4   538.2   600.2   697.2  1476.2  2311.3  7054.0  57958.0    58045
read      429.9   313.5   160.7   206.8   220.5   366.1   466.3   517.1   551.9   601.5   693.4   850.7  1216.3  3935.0  9371.1  23481.5    23729
read      431.2   543.3   160.7   205.3   219.2   344.2   422.3   478.3   521.7   571.6   635.6   811.2  1714.3  7194.4 30325.2  41074.5    40897
read      383.7   199.8   160.7   207.1   221.2   347.9   416.6   460.3   496.3   538.8   589.7   664.4   838.4  2343.3  5088.6  53197.0    53312
read      372.3   233.1   148.8   207.5   221.6   337.0   401.6   440.8   469.9   506.4   554.1   629.7   824.8  1960.6  8562.0  87335.5    87262
read      391.4   232.9   160.7   209.7   224.3   348.2   419.0   462.4   496.1   536.7   590.9   681.4  1128.6  2036.4  5516.3  81690.0    81836
read      382.7   259.7   160.7   208.7   223.0   339.3   401.8   441.0   471.4   508.8   558.5   644.4  1405.3  2456.1 10872.9  92442.5    92274
read      372.9   183.4   160.7   203.3   215.9   335.1   400.6   445.9   485.0   532.1   584.7   657.2   875.0  1458.4  5350.1  47306.5    47252
read      379.9   255.5   148.8   205.3   218.5   335.4   400.1   439.6   472.3   512.7   566.5   654.8  1325.0  2125.6  9774.4  75755.0    75747
read      373.9   229.2   148.8   205.6   219.0   334.1   401.3   441.4   472.1   510.1   561.1   639.1   940.1  2024.8  8970.0  81056.5    80994
read      373.3   276.4   160.7   208.1   222.7   337.5   398.8   436.1   466.0   502.3   549.2   626.3   827.0  2991.0  8672.1  98125.0    98224
read      369.3   452.9   160.7   211.7   228.3   344.2   380.5   398.1   411.4   427.8   450.9   494.6   678.7  7581.1 22936.0   7739.5     7737
read      389.3   249.6   160.7   202.4   216.2   341.1   419.3   472.7   512.9   555.0   604.7   675.8  1096.3  2220.4  8561.5  37295.5    37514
read      376.9   391.6   160.7   208.0   222.0   353.7   401.5   423.6   437.6   457.2   480.6   522.7  1002.8  4370.9 16213.7  10703.0    10640
read      378.3   255.8   160.7   206.2   220.3   336.7   401.3   438.6   468.2   505.0   555.3   640.3  1117.7  2912.3  9933.5  90517.0    90490
read      368.3   305.7   160.7   205.8   219.6   332.2   392.6   428.4   456.5   491.4   537.9   611.5   832.6  2676.3  9143.4  92423.0    92514
read      360.2   188.1   148.8   205.2   218.3   328.4   389.7   425.6   453.9   489.6   535.9   611.5   792.7  1899.4  5670.6  89075.5    89245
read      362.2   182.0   160.7   204.0   216.2   328.1   393.6   432.7   463.4   501.6   550.6   627.1   791.2  1719.6  7222.2  74063.0    73823
read      382.5   281.4   160.7   203.4   216.0   332.4   400.2   448.8   490.1   538.2   593.5   672.4  1153.1  2731.5  8104.7  46716.0    46565
read      385.7   237.9   160.7   204.3   218.1   350.2   441.5   483.4   509.2   536.4   570.2   629.7   959.7  2116.1  7506.4  21339.0    21419
read      383.7   248.9   148.8   204.0   216.8   337.0   402.9   444.3   477.7   520.4   577.5   669.3  1303.0  2909.3  7780.3  66783.5    66915
read      392.1   376.4   160.7   203.0   216.3   339.7   422.2   474.4   510.1   547.1   590.5   663.4  1094.3  4886.4 10526.5  31665.5    31667
read      381.0   247.8   148.8   203.8   216.8   335.7   404.1   447.0   478.9   519.1   573.1   661.2  1193.5  2655.3  8509.2  72266.0    72255
read      375.8   193.8   160.7   210.6   225.6   343.5   405.9   442.9   470.9   506.3   552.3   628.5   835.8  2014.1  5239.4  99619.0    99535
read      369.0   393.1   160.7   209.1   223.2   341.6   382.7   401.9   417.1   433.3   458.3   503.6   859.6  7054.7 15235.2   9294.0     9226
read      378.5   229.8   160.7   203.4   216.0   338.2   403.6   442.9   474.3   513.9   567.4   652.5  1135.5  2943.2  4670.6  67399.5    67844
read      368.0   209.1   160.7   203.7   215.9   331.8   399.1   437.6   469.7   508.5   556.7   633.3   853.7  1971.0  7812.8  71654.0    71413
read      360.4   207.9   148.8   206.5   220.5   330.1   389.4   424.2   451.1   484.7   530.1   598.7   770.8  1723.1  8675.1  97079.0    97328
read      387.4   399.3   160.7   204.0   216.6   335.5   399.8   441.5   477.5   523.6   580.9   664.6  1081.4  6664.0 11901.1  55327.5    55113
read      368.5   197.4   160.7   203.2   215.6   335.3   398.1   437.2   471.5   515.3   570.0   641.8   789.6  1565.8  7611.3  53755.0    53743
read      375.8   253.1   160.7   205.7   219.5   359.4   425.3   455.3   474.8   496.7   523.8   568.7   837.1  2230.6  9857.2  15211.5    15253
read      388.5   319.0   160.7   207.1   221.9   343.7   411.2   453.1   485.6   525.3   577.6   663.5  1077.7  3121.9  8085.4  90401.0    90605
read      394.9   446.4   160.7   203.7   217.5   338.0   428.0   475.7   505.4   537.7   576.7   640.3  1035.8  6846.9 18220.7  25768.5    25767
read      389.2   371.4   148.8   208.0   222.6   342.2   406.6   447.3   478.6   517.2   569.7   659.4  1022.5  4350.0 11850.7  93670.5    93458
read      362.6   216.4   160.7   206.5   220.4   331.2   393.0   428.5   456.2   489.8   534.3   605.4   796.9  1758.7  6898.5  94616.5    95080
read      363.7   181.8   160.7   206.2   219.9   331.9   394.0   431.8   462.3   499.5   546.5   620.1   789.1  1621.0  4060.2  88590.0    88399
read      358.9   172.8   148.8   206.1   219.8   330.0   389.1   425.1   452.9   486.7   531.7   599.8   769.9  1566.0  6268.2  96046.0    95681
read      378.8   274.3   160.7   202.3   215.4   330.4   411.7   465.3   503.0   540.9   584.1   647.6   992.8  1909.4 12087.4  32989.0    33003
read      386.7   237.2   160.7   212.2   227.5   349.4   412.4   450.8   480.1   516.8   566.3   646.3  1016.1  2682.7  6503.7  98765.0    98809
read      367.4   187.4   160.7   203.6   215.6   337.0   399.4   436.1   467.1   507.3   558.4   634.1   803.3  1680.2  7546.0  64271.0    64610
read      382.5   485.1   160.7   202.4   214.8   333.9   398.3   439.6   476.5   522.9   576.8   649.5   922.8  4198.0 13898.6  50978.0    51183
read      384.4   285.6   160.7   204.5   217.1   345.3   432.9   471.9   495.7   521.8   551.6   598.2   905.6  4569.7  7973.0  20161.0    20194
read      375.2   518.0   160.7   212.5   230.3   344.4   382.2   399.7   412.8   427.6   447.9   484.7   690.9 11298.5 18241.4   7618.5     7602
read      385.7   381.3   160.7   202.6   214.9   334.2   402.6   451.1   491.0   537.0   591.5   669.1  1091.4  4463.3 10160.7  46685.5    46677
read      357.5   415.4   160.7   216.7   239.2   324.6   352.4   369.3   381.3   394.9   413.3   455.0   923.9  7871.1 13834.2   5556.0     5577
read      379.4   219.9   160.7   204.1   218.0   342.5   435.7   480.2   507.1   536.4   571.0   622.9   836.3  1628.7  7821.3  22908.5    23035
read      385.6   270.2   160.7   203.0   215.6   339.2   404.6   449.2   485.1   530.1   587.1   672.9  1239.8  2998.2  7401.1  57420.5    57516
read      366.7   272.6   160.7   203.1   214.9   333.4   396.7   433.3   465.3   506.2   557.9   632.3   774.1  1983.5  9058.8  63090.5    62851
read      390.3   220.6   148.8   203.3   216.6   339.0   416.8   470.0   512.7   556.9   609.0   683.6  1196.9  2336.8  4261.9  38318.5    38431
read      383.1   315.6   160.7   203.5   216.8   334.5   429.7   480.1   512.0   543.5   580.1   637.7   952.7  2209.1 10191.1  25815.0    25729
read      385.0   294.1   160.7   204.7   218.8   353.3   438.4   476.5   500.1   526.1   555.7   608.4   935.5  2177.4 10831.6  19419.5    19443
read      387.9   260.1   148.8   204.4   218.1   353.4   440.7   479.7   504.9   531.5   562.8   617.1   970.3  3913.1  9526.1  19571.0    19461
read      389.5   225.3   160.7   203.1   217.2   345.6   417.7   467.3   507.5   551.4   602.9   676.6  1117.5  2064.8  8317.3  42263.5    42341
read      352.4   480.5   160.7   214.3   235.5   321.7   347.3   364.0   374.4   389.8   406.3   443.3   631.3  8074.2 16042.8   5661.5     5691
read      394.0   225.4   148.8   204.4   219.7   349.3   424.5   476.2   515.6   557.8   607.8   679.8  1076.4  2491.3  6971.1  40134.0    40223
read      399.0   440.5   160.7   203.7   217.5   340.1   425.5   477.9   512.5   548.5   591.0   658.0  1068.0  7535.7 10253.0  30000.5    29941
read      398.3   310.9   160.7   203.0   217.0   346.7   424.0   475.5   515.7   559.5   613.8   690.9  1224.1  2750.1 12479.6  40960.0    41162
read      394.7   246.6   148.8   204.5   219.2   349.7   423.3   472.1   510.8   555.9   611.2   686.4  1118.6  1902.7  9986.2  43781.0    43863
read      408.3   639.5   160.7   204.5   217.9   355.0   441.4   482.3   507.2   534.8   568.9   628.9  1062.2  7259.1 31997.9  20462.0    20318
read      380.5   257.9   148.8   207.0   221.3   337.6   399.7   436.6   466.1   503.4   553.2   637.1  1355.4  3041.3  8197.4  93658.5    93421
read      381.7   241.4   160.7   204.7   218.0   346.6   412.6   456.0   490.7   534.3   588.3   664.0   853.5  1720.3  8824.9  48523.0    48578
read      390.5   282.4   160.7   203.0   215.7   338.7   413.8   465.4   505.6   550.3   603.1   684.1  1184.9  2808.6  8422.1  40654.0    40595
read      382.4   318.7   160.7   204.9   218.4   354.0   431.2   465.4   487.1   509.1   541.0   590.8   859.7  4041.1 15498.7  17803.0    17677
read      390.7   315.3   160.7   204.6   217.7   336.9   404.2   446.5   479.1   519.5   573.4   668.9  1552.0  3443.5  7679.5  79059.0    78948
read      379.0   617.3   160.7   208.2   222.8   347.0   389.4   409.3   424.4   440.6   463.4   503.9   738.9  7440.2 31592.2   9672.0     9703
read      367.5   375.2   160.7   208.4   223.0   351.3   394.8   415.1   428.8   445.3   465.7   504.6   749.3  3995.6 19087.6   9637.5     9686
read      376.6   451.3   160.7   212.1   229.1   345.9   383.9   401.3   415.5   431.1   456.0   501.0   930.1  6000.7 18150.2   7943.0     7968
read      378.2   284.9   160.7   205.0   218.2   357.9   427.7   459.1   479.8   501.8   530.2   576.3   839.8  2207.9 12542.0  15861.5    15830
read      386.9   757.2   160.7   209.3   225.3   346.2   385.4   403.2   417.4   432.2   455.3   496.8  1194.5  7419.0 31951.9   8315.0     8192
read      378.3   280.3   160.7   203.7   216.5   335.3   403.2   445.0   476.9   516.2   567.3   645.5   976.1  3434.7  7754.2  79153.5    79410
read      370.7   252.4   160.7   203.8   216.1   331.2   398.4   438.1   468.9   506.6   554.2   632.5   921.0  1904.8  8510.2  76627.0    76582
read      373.1   236.1   160.7   203.2   215.1   335.3   396.4   435.6   469.6   513.7   569.6   643.9   946.4  2476.7  6986.3  54703.5    54634
read      364.0   179.5   160.7   203.5   215.7   330.0   395.1   433.6   464.7   503.7   555.2   631.1   805.9  1728.0  4330.3  72202.5    72177
read      376.3   328.5   160.7   205.9   218.9   358.0   420.9   449.8   468.1   490.2   515.8   561.9   832.9  2906.8 12922.2  14969.0    15101
read      368.5   347.4   160.7   210.6   227.2   345.4   384.3   402.5   416.8   431.7   454.3   493.3   743.9  5383.3 12715.5   8141.0     8167
read      402.7   364.0   160.7   203.6   218.1   350.7   424.7   474.5   514.0   558.0   613.2   688.3  1248.8  3864.0 10569.0  44220.5    44130
read      379.2   219.8   160.7   203.1   215.9   339.7   403.3   445.5   480.4   526.2   582.2   662.9  1099.1  1966.7  7946.0  53203.0    53047
read      368.1   295.4   160.7   206.3   220.4   333.6   393.9   429.7   457.8   492.0   536.7   606.2   799.6  2724.6  9059.2  97351.0    97171
read      371.9   204.9   160.7   205.3   218.8   334.6   400.3   441.2   472.8   510.8   560.4   638.1   907.0  2278.1  4033.9  81868.0    81360
read      367.3   187.3   160.7   204.2   216.8   332.3   400.1   440.2   471.1   507.7   554.7   630.6   813.6  1927.7  7119.3  77469.5    77277
read      386.2   223.4   160.7   201.7   215.4   338.0   415.9   469.5   511.4   553.7   604.3   677.7  1117.9  1866.8  7735.2  38350.0    38294
read      398.8   702.5   160.7   207.1   221.6   359.1   407.7   430.1   446.1   463.9   488.9   534.6  1475.9  7790.2 34058.1  11157.5    11165
read      376.9   345.6   148.8   203.5   216.1   334.2   401.4   442.7   474.2   513.4   565.3   643.5   914.3  3387.9 14205.7  73850.0    74155
read      361.7   254.7   160.7   205.9   218.1   351.4   404.8   428.6   444.6   461.9   485.0   524.6   705.0  2281.4  6855.2  12376.0    12255
read      378.1   255.5   160.7   202.8   215.8   335.8   400.6   443.8   481.9   527.5   582.0   660.8  1047.4  2041.3 10890.8  52224.5    52404
read      395.5   581.7   160.7   204.8   218.2   353.4   426.2   459.2   480.9   503.8   532.7   580.8   948.3  6843.0 31144.9  17175.5    17057
read      368.2   560.8   173.5   218.1   239.6   333.7   364.9   382.1   393.9   406.5   428.9   475.7   741.1  8054.3 20345.1   5992.5     6005
read      387.8   237.1   148.8   207.8   222.4   343.8   411.3   454.2   486.7   527.0   580.3   670.3  1146.7  2803.8  7730.3  85344.0    85707
read      373.5   286.2   160.7   204.7   217.4   331.9   398.8   439.0   470.2   507.6   557.2   634.6   884.6  3260.2  9106.5  79764.0    79742
read      368.3   224.4   160.7   203.4   215.6   334.6   396.3   434.1   467.6   511.8   565.7   638.8   782.0  1848.8  9565.9  58570.0    58322
read      383.3   290.9   160.7   203.6   217.2   338.6   428.7   477.7   508.6   540.4   577.5   634.3   965.3  2137.4 15488.2  26221.5    26212
read      385.2   245.2   160.7   204.7   217.6   339.6   404.6   444.7   476.6   519.4   576.3   669.6  1345.0  2795.0  7570.5  69148.0    69487
read      379.3   226.2   148.8   202.9   216.2   334.6   420.0   471.3   504.6   539.0   578.5   637.0   989.9  1824.1  9087.5  29435.5    29507
read      384.2   269.1   160.7   202.8   215.5   338.3   403.2   448.1   486.1   532.9   588.7   669.1  1171.9  2718.7  7450.6  51138.0    51412
read      365.7   185.6   148.8   203.4   215.2   332.8   398.2   436.6   467.9   506.0   555.5   632.0   795.9  1900.7  5657.3  67338.5    67374
read      371.0   209.0   160.7   203.1   215.2   335.8   398.0   437.1   471.6   518.5   573.9   648.5   832.6  1884.0  9145.0  54956.0    55125
read      373.1   318.3   148.8   202.5   214.9   334.4   396.1   435.4   471.3   517.3   571.3   644.1   813.3  3461.8 14748.5  52836.0    53048
read      392.0   679.7   160.7   206.4   219.7   359.4   412.4   437.2   454.9   472.8   498.7   544.0  1021.0  4985.9 31785.8  12260.5    12192
read      395.8   260.9   160.7   203.0   217.3   345.9   426.2   478.4   517.3   558.4   609.0   683.4  1185.4  2444.8  8748.8  35956.0    36138
read      386.4   282.2   160.7   203.9   216.9   339.7   402.8   444.9   479.3   524.6   583.0   671.5  1330.1  4003.1  6940.0  60885.5    60799
read      391.6   339.5   148.8   202.9   216.7   338.4   421.3   475.1   514.6   556.4   604.2   672.3  1110.9  2846.5  8769.5  36278.0    36368
read      397.8   248.8   148.8   204.0   218.7   347.0   424.9   479.1   521.4   565.6   619.0   688.9  1213.3  2196.0  8580.4  39835.0    39729
read      376.3   314.7   160.7   207.5   221.8   336.6   398.7   434.8   464.2   500.9   548.0   627.4   945.3  3121.1  9479.6  95296.5    95693
read      392.0   238.3   160.7   204.2   218.0   346.9   419.6   468.6   507.3   550.1   601.3   677.3  1139.1  2355.5  7898.3  40992.5    40999
read      378.3   226.3   160.7   204.1   216.8   337.6   405.2   447.4   480.4   521.9   575.6   655.9  1033.0  2422.6  5806.4  64936.0    65037
read      381.1   443.6   160.7   207.8   221.6   359.9   414.9   440.2   457.5   476.1   501.3   543.9   797.8  4800.9 23455.5  12545.5    12633
read      382.9   220.8   160.7   203.7   217.0   340.8   409.1   453.7   490.9   536.9   591.7   672.8  1050.7  2275.8  7522.4  50247.5    50117
read      363.4   166.5   160.7   203.6   215.4   335.3   398.2   435.0   466.0   504.9   554.8   627.6   747.8  1645.0  4344.4  62436.5    62765
read      370.9   263.1   160.7   207.0   220.9   358.1   412.0   435.8   452.9   470.2   496.3   537.2   748.5  3083.3  9379.4  12433.0    12379
read      374.5   237.4   160.7   202.9   215.2   333.2   398.0   441.7   480.4   529.2   583.7   657.3   936.5  1838.7  7563.0  49112.0    49369
read      396.7   357.1   160.7   203.2   216.4   339.9   418.1   472.1   514.0   558.1   612.1   690.4  1203.5  3697.2 13073.3  39238.0    39111
read      369.2   187.6   160.7   202.1   214.2   333.4   397.2   437.6   473.5   519.9   576.0   649.5   853.1  1712.2  4525.2  52729.0    52692
read      379.3   258.7   160.7   203.3   216.1   334.1   426.3   472.1   501.8   532.5   567.8   622.1   906.3  2799.1 12942.3  24615.0    24539
read      378.9   242.9   148.8   202.9   215.3   337.6   400.5   439.8   473.3   517.0   574.0   659.8  1175.4  2369.1  7975.8  61773.0    61591
read      366.3   170.5   160.7   202.4   214.6   329.3   392.9   435.1   472.8   519.8   573.9   641.8   807.9  1592.7  4238.0  47445.5    47864
read      373.6   216.2   160.7   205.5   219.0   356.4   428.1   460.7   481.7   503.3   531.4   576.1   793.6  2167.7  8044.6  16568.0    16479
read      372.5   244.5   160.7   203.8   216.2   333.0   397.6   435.7   467.4   507.0   559.3   640.5   946.2  2415.2  8637.9  74779.0    75268
read      357.6   354.6   160.7   208.3   222.4   336.6   376.0   393.5   404.4   420.8   437.7   476.3   714.8  4630.6 13590.6   8674.0     8714
read      383.1   408.3   160.7   206.2   219.6   360.2   416.7   442.3   459.8   479.5   503.6   546.6   863.2  4492.9 19884.7  13049.5    13002
read      382.6   238.3   148.8   206.4   220.4   335.5   403.7   446.9   479.4   519.7   570.9   656.8  1355.5  2230.8  7751.5  77149.0    77147
read      376.5   207.6   148.8   205.3   219.1   329.3   398.3   446.3   488.0   535.4   587.4   661.7  1064.4  1821.6  5450.8  43237.5    43518
read      392.0   322.8   160.7   206.6   221.4   338.4   430.4   481.4   514.4   548.2   586.6   650.5  1031.5  4054.4 12566.0  27313.5    27206
read      379.4   213.1   160.7   206.1   220.2   338.1   403.7   445.6   479.3   524.0   579.4   658.7  1046.9  2192.3  7454.5  55732.0    55859
read      393.4   285.2   160.7   206.1   220.8   337.9   416.4   469.2   510.8   553.9   603.0   677.6  1138.3  3970.9  8082.8  37337.0    37448
read      397.6   270.0   148.8   204.8   219.9   355.0   429.2   477.6   517.1   563.1   618.7   691.4  1053.5  1977.2 12530.9  45058.5    45026
read      379.4   241.7   160.7   208.8   223.6   341.2   402.6   440.7   470.2   508.1   559.7   642.1   964.9  2902.7  7629.7  99575.0    99974
read      368.7   239.7   148.8   203.5   216.0   334.2   396.5   433.9   465.6   505.8   557.8   634.0   828.1  1877.8 11973.9  64691.0    64632
read      366.4   188.2   160.7   202.7   214.8   330.6   395.3   436.3   473.5   519.9   573.3   641.3   775.5  1446.9  7974.7  49090.5    49061
read      369.3   259.8   148.8   204.1   216.6   328.9   395.3   435.3   466.4   503.7   551.3   628.2   912.8  2491.7  8409.5  80469.5    80418
read      381.2   264.8   160.7   205.8   219.5   362.3   429.1   460.0   480.7   503.2   532.2   578.0   838.0  3122.0  9763.1  16450.0    16471
read      392.3   238.5   160.7   202.9   217.4   343.4   425.4   478.5   518.2   559.4   607.3   675.9  1138.8  2110.7  5738.1  35515.5    35694
read      377.3   212.4   160.7   208.4   222.4   362.6   422.7   450.2   468.3   490.9   517.8   565.8   819.2  3247.8  7316.3  13939.5    13935
read      383.1   284.6   148.8   205.3   218.6   337.8   405.7   447.7   479.8   519.5   572.2   658.1  1093.6  2945.2  8125.5  79649.5    79838
read      376.5   259.8   160.7   202.7   214.9   333.0   396.9   439.1   476.5   524.4   579.1   652.6   991.6  3428.7  9540.6  48760.0    48842
read      382.0   218.2   160.7   205.1   219.2   362.9   437.1   471.3   493.6   517.4   544.9   592.3   896.8  2168.4  7948.5  17906.0    17708
read      395.2   351.1   160.7   202.9   216.8   340.2   426.3   482.1   518.8   555.9   602.9   674.1  1129.3  3767.6  7948.0  31585.0    31401
read      384.3   233.0   160.7   205.0   217.8   343.1   410.8   453.5   488.1   531.9   586.3   669.0  1066.5  2735.6  7483.2  61900.5    62091
read      368.6   220.0   160.7   205.4   218.6   329.9   394.4   432.8   462.7   499.3   546.5   626.1   990.0  2137.9  5393.7  87098.0    87121
read      370.2   230.9   160.7   205.3   218.5   332.0   398.2   437.9   468.8   507.1   556.8   635.0   860.5  2241.5  5914.2  81933.0    81929
read      388.7   244.9   160.7   203.1   216.9   342.3   416.4   467.3   508.3   553.9   605.5   678.3  1072.0  1993.6  8329.5  42077.0    42013
read      382.4   342.7   148.8   207.1   221.2   339.0   402.1   441.5   471.9   509.7   559.4   636.8  1057.2  3738.3 12183.1  90634.5    90709
read      366.8   184.7   160.7   204.1   215.9   332.4   395.8   433.4   464.8   504.1   554.5   632.2   865.1  1878.1  5050.5  67238.0    67578
read      373.1   233.7   148.8   203.7   216.0   335.5   398.5   438.6   473.3   519.2   574.0   650.9   892.0  1906.2  8092.7  58084.5    58116
read      390.2   250.4   160.7   208.0   222.0   346.5   418.5   462.6   497.0   538.2   590.6   679.3  1066.0  2781.8  8297.5  68919.5    68886
read      369.6   185.7   148.8   210.6   225.3   339.9   403.4   441.2   470.0   504.8   548.7   618.0   757.6  1396.0  8075.2  93180.0    93119
read      374.3   193.3   148.8   210.1   224.7   340.5   402.5   440.6   469.9   505.9   554.2   631.2   873.3  1787.4  6209.9  95249.5    95079
read      371.2   188.5   160.7   206.1   219.6   334.3   400.2   439.6   470.9   509.2   561.1   639.5   907.9  1999.8  5063.8  77575.5    77456
read      386.4   458.8   160.7   207.7   221.2   364.2   432.0   463.0   483.8   505.7   535.0   583.4   834.5  2475.1 31004.5  15770.0    15723
read      404.1   658.6   160.7   211.9   226.5   361.8   406.1   428.0   443.9   463.9   492.9   553.9  1285.1  7883.1 30920.3   9986.5     9867
read      381.1   464.9   160.7   212.7   228.6   348.5   387.5   406.0   420.8   435.5   460.8   503.8  1155.5  8120.3 15509.5   8156.0     8176
read      410.6   425.5   160.7   210.7   226.1   352.4   418.7   460.2   493.7   535.2   590.9   692.1  1624.9  4815.1 11426.2  89023.5    89745
read      387.3   432.4   160.7   210.3   224.4   356.5   405.6   428.8   445.0   463.5   491.2   547.0  1161.3  5122.1 11043.9  11073.5    11058
read      416.1   453.2   148.8   208.5   223.1   351.2   421.9   464.2   498.6   541.8   601.7   719.1  1704.4  4650.6 15971.0  81099.5    81413
read      406.1   535.1   160.7   206.3   219.5   344.9   433.5   477.0   504.2   534.1   571.9   653.2  1163.3  5475.6 28400.5  21529.0    21659
read      403.5   603.9   160.7   205.5   219.2   337.7   434.5   487.8   521.8   557.7   599.6   675.0  1082.9  5237.7 36564.3  27205.5    27181
read      411.0   669.4   160.7   207.0   221.0   369.7   443.6   478.9   501.3   526.6   556.0   616.2   911.9  9513.4 31370.1  17186.0    17420
read      398.0   350.4   160.7   205.1   219.0   348.3   445.7   491.9   520.6   550.4   589.3   662.7  1024.2  4058.7 14720.7  23085.5    23028
read      393.1   219.3   160.7   204.9   219.3   341.1   427.5   484.2   524.2   566.0   615.0   685.5  1120.0  1771.7  7922.7  33589.5    33694
read      398.7   274.8   160.7   204.6   218.6   338.2   426.2   483.9   523.6   565.4   617.7   694.6  1233.2  2591.8  9045.3  32746.5    32735
read      397.9   427.5   160.7   206.3   219.9   348.6   415.9   459.5   495.9   541.1   602.2   687.1  1191.7  3933.9 16918.2  57511.0    57645
read      394.8   281.4   160.7   205.0   218.7   338.8   412.2   463.6   505.7   554.1   613.9   690.2  1312.6  3392.2  7539.0  44931.5    45216
read      389.2   319.0   160.7   205.8   219.5   344.0   412.1   454.8   489.3   533.3   589.1   671.4  1146.2  3329.4  8676.9  57611.5    57659
read      370.5   227.7   148.8   207.2   220.9   334.2   398.5   437.0   467.8   505.2   555.4   632.2   826.6  1888.4 10444.5  85329.5    85443
read      387.6   284.1   160.7   209.5   223.3   368.6   432.7   463.2   484.0   506.3   538.0   592.3   841.2  3124.9  9180.7  14448.0    14390
read      395.3   244.9   148.8   204.6   218.9   342.1   428.8   485.6   523.7   563.1   610.4   684.1  1129.3  2730.7  8256.8  31386.0    31520
read      407.9   370.6   160.7   206.3   220.3   345.9   418.1   464.1   500.8   546.1   610.0   725.1  1592.5  3624.3  9688.3  67307.0    67089
read      403.3   532.9   160.7   207.9   221.2   358.8   430.6   462.9   484.7   507.7   540.2   592.3  1144.6  7634.0 23331.6  16622.5    16537
read      400.4   335.0   160.7   207.5   221.3   364.0   446.2   484.3   508.1   536.0   571.1   634.6  1005.1  4407.2 12028.2  18916.0    18930
read      397.5   276.8   148.8   205.0   218.5   344.0   413.6   463.3   504.8   553.9   616.0   708.2  1337.7  2352.6 10507.0  46903.5    46784
read      368.9   218.4   160.7   208.4   222.5   336.4   400.0   437.7   466.1   500.4   544.3   619.0   809.4  1739.0  6892.3  92486.5    93102
read      381.2   232.4   160.7   208.0   222.7   340.5   405.6   445.4   475.3   512.9   562.2   638.7  1050.2  3086.9  5114.4  89440.5    89799
read      368.6   195.2   148.8   203.6   217.2   338.2   407.6   447.1   478.0   517.8   567.3   632.4   739.6  1074.1  7985.4  66376.0    66551
read      357.2   160.5   148.8   206.5   221.1   332.5   394.0   429.3   456.0   488.1   530.3   591.4   700.6   924.0  4327.3  93226.5    93104
read      373.9   230.1   148.8   204.0   218.2   338.4   409.5   456.5   494.5   537.2   583.1   641.0   743.9  1000.5 12535.3  43920.5    43768
read      370.6   167.1   148.8   203.7   217.6   339.3   409.5   452.1   486.7   528.5   576.9   639.0   743.6  1045.7  5314.0  54221.5    54006
read      363.0   159.8   148.8   204.5   218.1   334.1   402.0   441.5   471.4   510.9   558.7   620.1   722.0   909.9  4399.1  64926.0    64618
read      360.8   201.5   160.7   205.7   219.9   331.4   395.9   433.4   462.5   497.4   542.4   607.7   727.0   996.9  8751.2  86201.5    86482
read      362.0   196.9   148.8   204.5   218.2   332.1   397.6   434.7   463.8   500.6   546.9   613.5   730.5  1211.0  7759.1  77607.0    77459
read      368.7   165.2   148.8   204.8   218.5   338.8   406.3   446.3   478.0   519.0   570.2   635.9   744.2  1050.7  5727.6  61504.5    61365
read      371.7   184.4   160.7   204.0   217.9   341.2   408.3   450.9   485.0   527.6   575.8   637.0   744.6  1267.2  7686.7  52515.0    52346
read      358.6   190.9   160.7   206.0   220.1   331.6   394.8   431.5   459.3   493.1   536.9   599.7   711.7   918.9  7842.7  87043.5    87286
read      371.0   245.5   160.7   210.1   224.4   356.6   426.3   456.8   476.1   497.3   521.6   550.8   625.9  2178.6 10674.4  17431.0    17384
read      358.4   172.0   160.7   208.5   223.3   334.8   393.5   427.5   453.6   485.3   526.8   586.8   703.4   915.6  4718.7  98023.5    98165
read      363.4   180.6   160.7   203.4   216.3   335.5   399.8   439.0   470.7   509.7   556.5   620.0   725.0   909.5  7894.2  63286.5    63330
read      361.5   522.2   173.5   222.9   243.1   328.1   354.5   369.1   379.7   392.7   407.0   436.9   632.3  8056.0 21835.7   5914.0     5866
read      371.9   181.7   148.8   204.0   217.9   334.4   408.5   460.4   499.8   540.1   584.5   640.1   731.1   871.9  5929.3  37401.5    37693
read      361.5   177.7   148.8   205.0   218.8   335.3   401.3   438.1   466.8   502.4   546.2   609.2   713.2   862.8  5002.4  75001.0    75360
read      376.1   212.1   148.8   205.2   219.1   336.4   417.1   468.3   506.6   544.6   585.5   643.5   744.5  1065.9  9317.0  35021.0    34753
read      368.4   230.8   148.8   204.3   218.0   339.4   403.7   442.4   473.5   514.3   565.2   628.6   727.2  1851.5 12923.8  59728.0    59823
read      364.3   183.4   148.8   204.3   218.0   336.4   401.4   439.7   470.3   509.5   558.4   621.7   725.8   901.1  8015.5  68205.0    68266
read      372.0   237.9   160.7   203.2   216.8   331.2   407.2   457.9   496.7   539.2   582.0   635.1   729.7  1359.2 10495.8  39080.5    39383
read      366.7   227.8   160.7   204.6   218.2   335.9   402.0   441.5   473.4   513.5   562.3   625.3   722.1   898.6 10586.2  64845.0    65072
read      372.2   250.1   148.8   203.3   216.7   330.9   410.9   461.0   497.5   533.6   572.1   624.7   721.9  2621.8 10636.3  33318.5    33192
read      368.3   176.0   160.7   203.9   217.7   337.9   401.8   443.0   477.9   523.0   574.4   637.3   735.4   919.0  7732.0  51752.5    51847
read      370.3   171.7   160.7   205.2   219.3   342.1   409.6   449.6   480.5   519.3   566.3   629.4   729.0  1475.9  5395.3  62287.0    62362
read      356.5   195.7   148.8   204.9   218.4   327.6   392.0   428.8   457.2   491.7   535.5   597.6   702.1   888.0  8086.2  83955.5    84073
read      371.6   198.9   160.7   204.8   219.2   342.6   410.5   449.6   481.2   521.1   569.9   634.6   742.3  1070.7  8602.4  64329.5    64213
read      373.7   291.3   160.7   204.4   218.1   331.8   424.6   470.7   500.3   530.3   563.0   605.5   683.5  2264.0 13186.7  27135.0    27059
read      366.3   147.9   160.7   203.5   216.4   338.0   403.4   443.7   477.1   519.3   569.5   632.7   730.9   901.4  3934.6  54522.5    54703
read      354.8   133.8   160.7   208.1   222.6   332.6   391.2   424.7   450.2   481.1   521.6   582.0   694.4   867.0  3846.0  98667.5    98366
read      372.0   245.6   160.7   205.0   219.1   331.6   418.4   466.8   498.8   530.3   564.3   609.8   691.0  2557.6 11150.8  29562.0    29565
read      361.7   165.0   148.8   204.6   218.1   333.8   401.3   438.9   468.2   504.4   550.3   615.8   725.9   912.6  4996.5  75234.0    75000
read      363.9   167.6   148.8   204.0   217.3   337.5   402.3   439.8   469.6   508.5   555.6   616.6   712.5   922.3  5591.7  62050.5    62235
read      369.8   156.5   148.8   203.6   217.3   338.0   406.4   451.5   488.5   531.1   578.8   640.8   740.5   956.6  3817.4  47644.5    47788
read      365.1   187.4   148.8   204.4   217.9   337.1   405.0   443.2   471.1   508.0   554.5   618.3   728.7   922.7  8299.0  68772.5    68928
read      369.1   190.2   160.7   204.3   218.4   332.3   409.2   458.6   495.6   534.8   575.1   625.6   722.4   921.0  4638.2  36307.5    36478
read      361.5   169.7   160.7   204.5   217.8   333.0   398.8   436.9   467.2   503.5   548.9   616.3   736.6  1085.6  5496.2  76052.0    76067
read      372.8   193.5   148.8   203.4   217.4   339.9   409.4   453.4   489.1   532.3   580.0   639.4   744.7  1084.2  8929.3  47092.0    47020
read      359.4   177.8   160.7   205.4   219.2   331.8   396.6   433.7   463.4   499.1   543.6   607.8   721.9   871.8  9092.1  81417.0    81656
read      370.6   250.5   160.7   211.6   225.3   354.3   421.7   450.8   469.3   489.1   509.1   540.6   602.3  3677.2  8681.9  16664.5    16396
read      365.9   216.1   160.7   207.2   221.0   338.9   423.4   461.4   484.5   507.1   532.6   565.8   631.0  2136.3  8109.9  21697.5    21661
read      368.3   177.6   148.8   204.0   217.9   337.8   404.4   447.5   482.0   523.3   570.6   631.2   730.7  1022.8  7959.2  50446.5    50156
read      366.5   192.8   148.8   203.8   217.1   336.4   401.3   441.7   475.8   517.7   565.7   626.3   723.0   968.6  9188.9  54332.0    54102
read      366.0   158.9   148.8   204.2   218.2   337.9   405.1   445.6   477.4   516.3   563.0   624.9   724.9   943.4  3968.4  65528.0    65670
read      375.6   320.6   160.7   209.9   224.1   356.9   428.6   459.3   479.2   499.5   523.5   552.5   631.2  3834.7 14758.2  17749.0    17584
read      368.9   227.2   160.7   204.1   217.8   329.2   413.9   463.2   496.8   529.6   564.2   609.0   690.5  1612.1  8786.2  30218.5    30347
read      369.2   190.8   160.7   207.0   221.2   342.8   427.4   465.7   489.1   512.6   539.6   576.8   650.3  2129.2  8293.3  21448.5    21534
read      364.6   354.4   173.5   215.6   229.7   349.3   390.7   409.6   422.1   434.6   453.7   478.4   569.3  6922.7 13915.9  10160.5    10216
read      359.6   181.9   160.7   205.0   218.6   329.7   395.7   432.9   462.2   498.3   543.4   607.5   721.2  1243.3  7905.8  80480.0    80544
read      373.2   188.0   148.8   204.1   218.1   341.1   412.1   456.9   493.5   534.7   579.6   637.6   742.3  1080.8  4070.5  45254.5    45508
read      373.3   251.3   160.7   206.1   220.3   344.1   432.7   470.7   495.0   520.1   546.5   584.7   669.5  2148.0 13161.8  21428.5    21591
read      373.9   229.7   160.7   211.1   225.1   364.0   426.5   453.9   471.4   490.3   509.3   542.9   621.3  3476.3  8123.2  15528.0    15435
read      374.8   306.5   160.7   213.0   227.2   366.5   422.1   446.6   462.0   478.9   498.6   527.7   589.1  4056.6 14122.2  14224.5    14502
read      376.6   255.8   160.7   211.0   224.7   363.0   431.5   461.1   479.9   499.3   522.3   549.4   624.1  4028.0  9666.4  16584.5    16369
read      374.3   206.1   160.7   203.8   218.3   338.7   411.5   458.5   495.1   535.8   580.8   639.3   741.0  1330.0  7613.8  41786.5    42077
read      369.7   175.0   148.8   203.8   217.3   335.3   408.1   456.5   494.2   534.6   576.6   629.1   725.9   923.3  6284.5  38690.5    38334
read      381.2   336.1   160.7   210.2   224.2   361.7   433.6   464.0   483.6   503.5   528.8   562.7   639.3  5442.9 12845.1  17587.5    17694
read      363.9   243.4   160.7   204.2   217.4   332.6   400.3   438.9   468.7   504.8   549.3   615.8   733.5  1182.9  9504.7  74852.5    75056
read      370.5   162.0   148.8   204.4   217.9   342.2   409.2   451.2   484.7   525.5   573.4   634.1   736.6   965.3  5228.6  53787.0    53845
read      369.8   318.8   160.7   212.6   226.3   357.7   411.7   434.0   449.5   465.4   486.1   510.8   583.2  4230.1 14326.0  13311.0    13319
read      365.7   222.2   160.7   205.1   218.9   334.6   401.4   440.3   470.2   506.5   551.6   618.7   737.5  1412.5  9622.1  77460.0    77808
read      370.3   218.7   148.8   204.0   217.7   337.2   405.8   451.4   487.5   528.1   573.3   630.6   729.3  1018.4  9280.5  44544.0    44423
read      369.9   225.6   148.8   205.3   219.2   331.1   424.0   470.3   499.1   528.1   559.2   599.7   679.0  1778.5  9480.4  25653.5    25669
read      366.3   195.1   160.7   204.4   217.6   337.3   404.3   444.1   474.3   512.0   557.0   620.4   727.6  1060.1  8984.1  66222.0    66463

Total QPS = 50135.8 (45122256 / 900.0s)

Total connections = 64
Misses = 0 (0.0%)
Skipped TXs = 0 (0.0%)

RX 11145196738 bytes :   11.8 MB/s
TX          0 bytes :    0.0 MB/s
Warning! Detected max cpu usage > 95%
CPU Usage Stats (avg/min/max): 100.00%,50.00%,100.00%
