2024-05-09T12:53:51.275884 0.0 0.0 0.0 0.0
2024-05-09T12:53:52.277219 3.0 4.0 1.0 1.0
2024-05-09T12:53:53.278526 1.0 0.0 1.0 1.0
2024-05-09T12:53:54.279844 2.0 1.0 0.0 1.0
2024-05-09T12:53:55.281153 1.0 0.0 0.0 0.0
2024-05-09T12:53:56.282469 0.0 0.0 0.0 0.0
2024-05-09T12:53:57.283794 1.0 0.0 1.0 0.0
2024-05-09T12:53:58.285121 0.0 1.0 0.0 0.0
2024-05-09T12:53:59.285938 0.0 1.0 1.0 0.0
2024-05-09T12:54:00.286870 1.0 0.0 0.0 0.0
2024-05-09T12:54:01.288161 0.0 0.0 0.0 1.0
2024-05-09T12:54:02.289467 0.0 0.0 1.0 0.0
2024-05-09T12:54:03.290773 1.0 0.0 0.0 1.0
2024-05-09T12:54:04.292085 3.0 3.0 5.9 3.0
2024-05-09T12:54:05.293428 0.0 0.0 1.0 1.0
2024-05-09T12:54:06.293923 0.0 1.0 0.0 0.0
2024-05-09T12:54:07.295218 0.0 0.0 0.0 1.0
2024-05-09T12:54:08.296504 0.0 0.0 0.0 1.0
2024-05-09T12:54:09.297804 2.0 1.0 0.0 1.0
2024-05-09T12:54:10.299075 0.0 1.0 1.0 0.0
2024-05-09T12:54:11.300384 0.0 1.0 1.0 2.0
2024-05-09T12:54:12.301676 1.0 0.0 0.0 0.0
2024-05-09T12:54:13.302994 0.0 0.0 0.0 1.0
2024-05-09T12:54:14.304286 1.0 1.0 1.0 0.0
2024-05-09T12:54:15.305574 2.0 2.0 1.0 0.0
2024-05-09T12:54:16.306903 1.0 0.0 0.0 0.0
2024-05-09T12:54:17.308211 0.0 2.0 0.0 0.0
2024-05-09T12:54:18.309529 0.0 0.0 1.0 0.0
2024-05-09T12:54:19.310807 0.0 0.0 0.0 0.0
2024-05-09T12:54:20.312109 1.0 3.1 1.0 0.0
2024-05-09T12:54:21.313508 2.0 5.2 0.0 2.0
2024-05-09T12:54:22.313965 1.0 5.2 0.0 0.0
2024-05-09T12:54:23.315385 0.0 3.2 2.0 1.0
2024-05-09T12:54:24.316683 1.0 3.2 1.0 0.0
2024-05-09T12:54:25.317589 0.0 3.0 1.0 1.0
2024-05-09T12:54:26.318885 1.0 0.0 1.0 1.0
2024-05-09T12:54:27.320174 3.0 35.6 3.0 3.0
2024-05-09T12:54:28.321820 9.4 39.7 5.8 4.9
2024-05-09T12:54:29.323129 4.9 39.3 2.0 5.0
2024-05-09T12:54:30.324422 6.8 38.0 4.0 5.8
2024-05-09T12:54:31.325994 5.8 36.3 3.0 8.6
2024-05-09T12:54:32.327315 2.0 5.8 1.0 1.0
2024-05-09T12:54:33.328602 0.0 3.9 1.0 0.0
2024-05-09T12:54:34.330034 13.6 51.9 8.7 5.9
2024-05-09T12:54:35.331326 12.8 52.4 10.4 8.6
2024-05-09T12:54:36.332610 14.3 50.9 10.3 6.9
2024-05-09T12:54:37.334050 15.9 50.6 9.5 11.9
2024-05-09T12:54:38.335374 14.2 48.4 11.9 9.5
2024-05-09T12:54:39.336671 1.0 0.0 1.0 1.0
2024-05-09T12:54:40.338083 5.7 18.4 0.0 2.0
2024-05-09T12:54:41.339389 15.9 57.3 10.5 14.5
2024-05-09T12:54:42.340680 23.2 57.9 10.4 7.8
2024-05-09T12:54:43.342054 16.5 58.1 13.0 13.6
2024-05-09T12:54:44.343378 22.0 57.3 12.0 13.0
2024-05-09T12:54:45.344687 17.9 50.3 9.6 6.9
2024-05-09T12:54:46.345977 1.0 0.0 1.0 0.0
2024-05-09T12:54:47.347361 11.8 29.8 3.0 8.5
2024-05-09T12:54:48.348140 25.6 60.5 5.0 14.0
2024-05-09T12:54:49.349585 24.4 60.0 10.3 13.2
2024-05-09T12:54:50.350076 26.2 60.5 12.7 14.7
2024-05-09T12:54:51.351436 27.9 59.3 8.7 11.5
2024-05-09T12:54:52.352773 12.7 44.8 6.7 5.0
2024-05-09T12:54:53.354046 0.0 0.0 0.0 0.0
2024-05-09T12:54:54.355323 14.3 41.5 8.6 4.0
2024-05-09T12:54:55.356591 22.2 62.1 14.0 10.1
2024-05-09T12:54:56.358056 23.1 61.7 17.5 10.7
2024-05-09T12:54:57.358702 26.8 61.9 17.9 16.7
2024-05-09T12:54:58.359977 24.2 62.5 16.4 18.9
2024-05-09T12:54:59.361289 10.3 35.9 10.3 8.6
2024-05-09T12:55:00.362572 0.0 0.0 0.0 0.0
2024-05-09T12:55:01.363871 23.1 52.5 9.7 12.1
2024-05-09T12:55:02.365173 25.2 64.9 16.5 13.2
2024-05-09T12:55:03.366052 27.0 65.4 15.0 8.9
2024-05-09T12:55:04.367403 25.2 65.6 12.5 8.1
2024-05-09T12:55:05.368704 25.6 63.9 11.5 12.4
2024-05-09T12:55:06.369949 4.0 23.7 4.9 2.0
2024-05-09T12:55:07.371228 0.0 1.0 0.0 0.0
2024-05-09T12:55:08.372135 19.7 65.0 12.6 14.3
2024-05-09T12:55:09.373664 24.2 68.0 13.5 18.3
2024-05-09T12:55:10.375123 23.8 68.7 19.8 17.6
2024-05-09T12:55:11.376406 16.8 67.6 20.4 11.9
2024-05-09T12:55:12.377852 19.0 67.8 18.9 11.8
2024-05-09T12:55:13.379150 1.0 7.6 2.9 2.9
2024-05-09T12:55:14.379958 5.8 12.5 1.0 1.0
2024-05-09T12:55:15.381362 31.0 70.9 10.0 16.3
2024-05-09T12:55:16.382009 27.6 70.9 9.8 11.8
2024-05-09T12:55:17.383537 26.7 70.9 10.7 18.3
2024-05-09T12:55:18.384862 32.1 70.7 8.9 15.1
2024-05-09T12:55:19.386156 25.0 64.4 16.2 10.9
2024-05-09T12:55:20.386564 0.0 0.0 1.0 0.0
2024-05-09T12:55:21.387883 5.1 29.8 1.0 9.5
2024-05-09T12:55:22.389165 29.2 71.7 15.4 18.1
2024-05-09T12:55:23.390144 29.4 72.7 17.8 15.8
2024-05-09T12:55:24.391611 23.4 71.9 15.1 18.1
2024-05-09T12:55:25.392924 27.0 72.5 17.9 15.2
2024-05-09T12:55:26.394233 15.2 54.0 13.2 8.2
2024-05-09T12:55:27.395565 1.0 2.0 1.0 0.0
2024-05-09T12:55:28.396851 9.7 45.6 6.1 9.0
2024-05-09T12:55:29.398149 23.0 76.3 19.8 22.7
2024-05-09T12:55:30.399473 26.1 77.5 14.1 15.8
2024-05-09T12:55:31.400792 22.1 76.3 17.1 19.0
2024-05-09T12:55:32.402069 16.2 77.1 18.1 13.1
2024-05-09T12:55:33.403396 13.1 43.4 10.7 8.1
2024-05-09T12:55:34.404711 0.0 0.0 0.0 0.0
2024-05-09T12:55:35.406041 17.3 63.8 13.6 12.9
2024-05-09T12:55:36.407493 24.8 82.4 17.1 20.2
2024-05-09T12:55:37.408830 20.9 83.5 8.5 22.5
2024-05-09T12:55:38.410150 26.1 82.6 15.5 7.4
2024-05-09T12:55:39.411668 26.9 82.8 18.7 12.1
2024-05-09T12:55:40.413001 6.7 26.0 5.0 4.0
2024-05-09T12:55:41.413968 1.0 1.0 1.0 1.0
2024-05-09T12:55:42.415364 18.4 77.6 9.8 5.3
2024-05-09T12:55:43.416735 21.7 84.9 15.5 10.0
2024-05-09T12:55:44.418021 23.9 84.9 20.4 6.3
2024-05-09T12:55:45.419437 28.1 85.3 21.4 11.0
2024-05-09T12:55:46.420727 28.2 83.5 19.4 7.2
2024-05-09T12:55:47.422037 2.0 8.1 3.9 1.0
2024-05-09T12:55:48.423045 2.0 14.6 5.0 2.0
2024-05-09T12:55:49.424527 13.9 90.1 25.9 6.5
2024-05-09T12:55:50.425993 20.9 93.5 23.8 7.4
2024-05-09T12:55:51.427430 17.9 90.8 25.0 6.5
2024-05-09T12:55:52.428833 23.7 91.0 19.0 6.5
2024-05-09T12:55:53.429940 15.2 80.6 18.6 7.4
2024-05-09T12:55:54.431214 0.0 1.0 1.0 1.0
2024-05-09T12:55:55.432623 7.8 33.3 1.0 5.1
2024-05-09T12:55:56.434032 25.2 99.0 11.9 15.2
2024-05-09T12:55:57.435465 28.9 99.0 12.0 16.0
2024-05-09T12:55:58.436996 28.9 100.0 16.2 22.5
2024-05-09T12:55:59.438158 21.6 99.0 9.2 17.7
2024-05-09T12:56:00.439443 19.4 68.0 8.1 15.0
2024-05-09T12:56:01.440759 0.0 1.0 0.0 0.0
2024-05-09T12:56:02.442056 8.0 52.5 9.0 11.5
2024-05-09T12:56:03.443633 20.0 100.0 14.4 23.5
2024-05-09T12:56:04.445159 23.6 100.0 21.2 11.9
2024-05-09T12:56:05.446227 20.0 100.0 9.8 26.7
2024-05-09T12:56:06.447747 15.8 100.0 9.6 16.7
2024-05-09T12:56:07.449064 6.1 47.5 8.0 8.3
2024-05-09T12:56:08.450387 0.0 2.0 0.0 1.0
2024-05-09T12:56:09.451791 22.3 71.7 9.4 8.4
2024-05-09T12:56:10.453222 25.2 100.0 18.0 11.6
2024-05-09T12:56:11.454093 21.9 100.0 18.0 15.2
2024-05-09T12:56:12.455640 21.9 100.0 15.5 22.4
2024-05-09T12:56:13.457155 21.4 100.0 9.9 18.4
2024-05-09T12:56:14.457937 6.0 29.0 2.1 5.1
2024-05-09T12:56:15.459248 1.0 0.0 0.0 0.0
2024-05-09T12:56:16.460661 18.6 91.1 12.9 18.0
2024-05-09T12:56:17.462079 14.3 100.0 19.0 16.7
2024-05-09T12:56:18.463550 18.4 100.0 19.2 14.7
2024-05-09T12:56:19.465086 17.6 100.0 14.7 15.8
2024-05-09T12:56:20.466068 25.2 100.0 13.0 17.5
2024-05-09T12:56:21.467413 1.0 10.0 1.0 3.9
2024-05-09T12:56:22.468864 3.9 11.9 2.0 2.0
2024-05-09T12:56:23.470137 24.8 100.0 19.8 18.0
2024-05-09T12:56:24.471512 25.0 100.0 20.0 11.8
2024-05-09T12:56:25.472937 27.2 100.0 23.8 13.8
2024-05-09T12:56:26.474109 15.3 100.0 21.4 12.8
2024-05-09T12:56:27.475410 18.4 89.0 16.0 15.2
2024-05-09T12:56:28.476702 2.0 0.0 0.0 1.0
2024-05-09T12:56:29.478071 4.1 31.0 8.1 5.1
2024-05-09T12:56:30.479590 24.8 100.0 22.7 15.3
2024-05-09T12:56:31.481021 19.4 100.0 20.6 13.4
2024-05-09T12:56:32.482096 25.7 100.0 26.9 11.7
2024-05-09T12:56:33.483583 20.2 100.0 22.2 12.6
2024-05-09T12:56:34.484925 12.9 69.7 13.7 8.3
2024-05-09T12:56:35.486220 0.0 1.0 1.0 0.0
2024-05-09T12:56:36.487681 14.2 50.5 10.4 6.2
2024-05-09T12:56:37.489195 23.9 100.0 22.6 17.8
2024-05-09T12:56:38.490005 23.9 100.0 25.5 8.8
2024-05-09T12:56:39.491479 21.5 100.0 20.4 16.2
2024-05-09T12:56:40.492875 21.7 100.0 19.8 17.0
2024-05-09T12:56:41.494220 12.4 50.0 7.5 5.2
2024-05-09T12:56:42.495509 0.0 0.0 1.0 0.0
2024-05-09T12:56:43.497051 16.5 71.0 10.9 10.6
2024-05-09T12:56:44.498195 16.8 100.0 21.0 21.2
2024-05-09T12:56:45.499728 23.1 100.0 25.5 16.1
2024-05-09T12:56:46.501253 21.2 100.0 18.3 22.0
2024-05-09T12:56:47.502115 25.0 100.0 21.2 19.4
2024-05-09T12:56:48.503440 6.9 30.0 6.1 5.1
2024-05-09T12:56:49.504709 1.0 0.0 0.0 0.0
2024-05-09T12:56:50.506098 26.7 91.2 16.7 14.3
2024-05-09T12:56:51.507571 30.1 100.0 15.8 16.8
2024-05-09T12:56:52.509039 31.1 100.0 13.4 18.1
2024-05-09T12:56:53.510079 29.5 100.0 10.5 19.6
2024-05-09T12:56:54.511543 28.7 100.0 16.7 18.9
2024-05-09T12:56:55.512868 5.9 8.1 3.0 2.0
2024-05-09T12:56:56.514321 2.0 12.7 2.0 2.0
2024-05-09T12:56:57.515752 21.5 100.0 17.7 14.4
2024-05-09T12:56:58.517216 22.4 100.0 20.4 13.4
2024-05-09T12:56:59.518074 19.0 100.0 19.0 17.0
2024-05-09T12:57:00.519473 20.6 100.0 14.9 12.6
2024-05-09T12:57:01.520829 15.7 91.0 13.7 10.5
2024-05-09T12:57:02.522135 1.0 1.0 1.0 1.0
2024-05-09T12:57:03.523610 5.1 31.0 7.0 3.1
2024-05-09T12:57:04.525038 20.4 100.0 21.4 12.8
2024-05-09T12:57:05.526118 22.9 100.0 20.8 14.4
2024-05-09T12:57:06.527610 27.4 100.0 9.1 17.8
2024-05-09T12:57:07.529070 17.2 100.0 23.1 10.9
2024-05-09T12:57:08.530442 18.7 69.3 11.3 7.4
2024-05-09T12:57:09.531765 0.0 0.0 0.0 0.0
2024-05-09T12:57:10.533069 1.0 1.0 0.0 0.0
