2024-05-08T13:33:13.565218 0.0 0.0 0.0 0.0
2024-05-08T13:33:14.566522 2.0 0.0 0.0 2.0
2024-05-08T13:33:15.567816 1.0 2.0 0.0 0.0
2024-05-08T13:33:16.569118 0.0 0.0 0.0 0.0
2024-05-08T13:33:17.570465 0.0 0.0 0.0 0.0
2024-05-08T13:33:18.571780 2.0 3.0 2.0 1.0
2024-05-08T13:33:19.573114 0.0 0.0 1.0 0.0
2024-05-08T13:33:20.574434 1.0 0.0 0.0 0.0
2024-05-08T13:33:21.575727 1.0 0.0 0.0 2.0
2024-05-08T13:33:22.577027 0.0 1.0 0.0 0.0
2024-05-08T13:33:23.578387 0.0 0.0 0.0 1.0
2024-05-08T13:33:24.579696 2.0 2.0 2.0 0.0
2024-05-08T13:33:25.581015 2.0 1.0 1.0 5.0
2024-05-08T13:33:26.582337 1.0 1.0 0.0 0.0
2024-05-08T13:33:27.583709 0.0 0.0 0.0 0.0
2024-05-08T13:33:28.585004 2.0 2.0 1.0 2.0
2024-05-08T13:33:29.586288 0.0 0.0 0.0 0.0
2024-05-08T13:33:30.586638 0.0 1.0 0.0 0.0
2024-05-08T13:33:31.587931 0.0 1.0 0.0 1.0
2024-05-08T13:33:32.589259 0.0 0.0 1.0 0.0
2024-05-08T13:33:33.590636 2.9 1.0 1.0 1.0
2024-05-08T13:33:34.591964 1.0 2.0 0.0 0.0
2024-05-08T13:33:35.593263 0.0 0.0 0.0 0.0
2024-05-08T13:33:36.594698 3.9 5.0 12.1 2.0
2024-05-08T13:33:37.595999 4.9 8.6 13.8 4.9
2024-05-08T13:33:38.597316 6.7 7.8 13.1 2.0
2024-05-08T13:33:39.598612 2.0 8.6 11.4 4.0
2024-05-08T13:33:40.599911 3.0 3.0 17.1 2.0
2024-05-08T13:33:41.601228 2.0 1.0 3.9 3.0
2024-05-08T13:33:42.602538 0.0 0.0 1.0 0.0
2024-05-08T13:33:43.603816 4.9 35.8 7.7 5.9
2024-05-08T13:33:44.605104 5.8 27.4 26.0 2.1
2024-05-08T13:33:45.606554 3.0 34.1 21.8 5.0
2024-05-08T13:33:46.607863 8.5 28.0 25.4 3.1
2024-05-08T13:33:47.609172 6.7 36.7 17.7 5.0
2024-05-08T13:33:48.610536 2.0 2.0 11.0 2.0
2024-05-08T13:33:49.611820 1.0 2.0 1.0 1.0
2024-05-08T13:33:50.613092 10.5 51.8 10.4 5.9
2024-05-08T13:33:51.614435 14.7 28.0 45.8 3.1
2024-05-08T13:33:52.615721 19.1 33.1 40.4 5.0
2024-05-08T13:33:53.616841 11.3 54.0 9.4 5.1
2024-05-08T13:33:54.618123 7.8 52.9 2.0 3.1
2024-05-08T13:33:55.618626 0.0 2.0 0.0 0.0
2024-05-08T13:33:56.619973 3.0 10.3 7.6 1.0
2024-05-08T13:33:57.621266 7.8 52.8 16.7 3.2
2024-05-08T13:33:58.622714 8.7 38.2 40.3 5.2
2024-05-08T13:33:59.623994 5.0 2.1 57.8 1.1
2024-05-08T13:34:00.625326 14.4 46.3 32.8 3.1
2024-05-08T13:34:01.626631 6.9 51.6 6.9 3.1
2024-05-08T13:34:02.627939 0.0 0.0 0.0 1.0
2024-05-08T13:34:03.629230 0.0 5.9 25.2 0.0
2024-05-08T13:34:04.630726 24.4 10.0 57.4 3.2
2024-05-08T13:34:05.632022 22.7 56.5 13.6 7.1
2024-05-08T13:34:06.633374 17.0 46.9 30.8 10.8
2024-05-08T13:34:07.634681 12.3 18.3 55.1 1.1
2024-05-08T13:34:08.635978 5.0 3.1 45.1 3.1
2024-05-08T13:34:09.637283 1.0 1.0 0.0 1.0
2024-05-08T13:34:10.638847 6.9 3.0 39.7 2.1
2024-05-08T13:34:11.640172 16.7 23.9 53.1 6.3
2024-05-08T13:34:12.641522 14.8 48.2 30.8 7.3
2024-05-08T13:34:13.642741 9.0 60.8 11.7 11.1
2024-05-08T13:34:14.644219 8.9 61.5 5.2 6.4
2024-05-08T13:34:15.645500 4.0 30.1 16.4 4.1
2024-05-08T13:34:16.646611 0.0 0.0 0.0 0.0
2024-05-08T13:34:17.647855 3.1 51.8 1.1 2.2
2024-05-08T13:34:18.649186 6.1 42.1 42.5 8.5
2024-05-08T13:34:19.650568 9.7 53.7 26.4 2.3
2024-05-08T13:34:20.651985 11.3 17.1 59.1 4.3
2024-05-08T13:34:21.653327 16.1 38.3 45.0 2.2
2024-05-08T13:34:22.654650 5.8 16.5 11.3 0.0
2024-05-08T13:34:23.655941 1.0 0.0 0.0 0.0
2024-05-08T13:34:24.657227 12.4 62.7 6.3 3.3
2024-05-08T13:34:25.658668 12.6 48.8 39.3 4.3
2024-05-08T13:34:26.659753 11.8 17.8 62.1 4.3
2024-05-08T13:34:27.661097 12.6 68.0 3.2 2.2
2024-05-08T13:34:28.662550 7.2 43.2 43.0 11.2
2024-05-08T13:34:29.663856 3.0 1.0 7.8 0.0
2024-05-08T13:34:30.665162 0.0 0.0 10.5 2.0
2024-05-08T13:34:31.666539 13.9 2.1 72.5 2.3
2024-05-08T13:34:32.667918 15.5 30.4 58.8 9.5
2024-05-08T13:34:33.669316 15.2 68.0 18.9 16.8
2024-05-08T13:34:34.670719 17.0 37.3 50.4 9.5
2024-05-08T13:34:35.672074 17.6 43.9 39.8 13.1
2024-05-08T13:34:36.673389 0.0 0.0 0.0 0.0
2024-05-08T13:34:37.674820 2.0 1.0 26.4 1.0
2024-05-08T13:34:38.676277 15.0 50.4 40.7 6.5
2024-05-08T13:34:39.677657 17.1 47.9 44.7 2.2
2024-05-08T13:34:40.678722 9.3 72.5 4.4 7.3
2024-05-08T13:34:41.680081 6.4 42.9 47.9 2.2
2024-05-08T13:34:42.681428 7.2 8.2 56.9 4.2
2024-05-08T13:34:43.682615 0.0 1.0 0.0 0.0
2024-05-08T13:34:44.684023 5.1 24.8 23.1 6.1
2024-05-08T13:34:45.685376 11.3 73.2 13.5 5.7
2024-05-08T13:34:46.686823 10.4 68.5 18.8 8.8
2024-05-08T13:34:47.688236 13.3 28.8 64.2 4.5
2024-05-08T13:34:48.689557 9.6 69.9 23.8 10.9
2024-05-08T13:34:49.690882 4.2 46.6 8.0 5.3
2024-05-08T13:34:50.692213 0.0 0.0 0.0 0.0
2024-05-08T13:34:51.693512 7.1 54.6 10.2 7.6
2024-05-08T13:34:52.694781 14.7 78.9 19.6 14.3
2024-05-08T13:34:53.696228 18.3 22.7 71.7 9.2
2024-05-08T13:34:54.697559 22.5 23.5 71.1 5.9
2024-05-08T13:34:55.698831 23.7 63.2 35.3 10.3
2024-05-08T13:34:56.700163 9.5 30.6 9.9 5.2
2024-05-08T13:34:57.701462 0.0 0.0 0.0 0.0
2024-05-08T13:34:58.702831 11.2 43.7 42.7 15.8
2024-05-08T13:34:59.704338 23.2 72.7 35.3 9.4
2024-05-08T13:35:00.705819 24.1 62.7 42.2 15.2
2024-05-08T13:35:01.706817 32.5 7.8 84.7 16.1
2024-05-08T13:35:02.708426 33.1 9.7 86.8 3.7
2024-05-08T13:35:03.709765 6.7 2.0 16.5 1.0
2024-05-08T13:35:04.710760 2.0 4.0 1.0 1.0
2024-05-08T13:35:05.712208 29.3 91.7 10.1 13.8
2024-05-08T13:35:06.713629 29.0 66.0 44.2 13.5
2024-05-08T13:35:07.714772 32.0 92.7 15.2 7.3
2024-05-08T13:35:08.716222 30.4 87.9 17.6 10.7
2024-05-08T13:35:09.717601 12.0 79.6 22.9 23.0
2024-05-08T13:35:10.718929 1.0 1.0 1.0 0.0
2024-05-08T13:35:11.720413 3.0 22.5 2.1 4.1
2024-05-08T13:35:12.721841 24.3 74.5 37.1 18.7
2024-05-08T13:35:13.722740 22.2 55.2 58.4 21.5
2024-05-08T13:35:14.724261 21.5 81.5 30.5 19.6
2024-05-08T13:35:15.725839 18.6 14.4 93.1 20.0
2024-05-08T13:35:16.726623 18.9 49.0 40.6 13.0
2024-05-08T13:35:17.727912 1.0 0.0 1.0 1.0
2024-05-08T13:35:18.729344 8.2 5.1 43.1 9.2
2024-05-08T13:35:19.730794 24.0 14.0 100.0 24.0
2024-05-08T13:35:20.732222 26.0 13.3 100.0 24.0
2024-05-08T13:35:21.733716 23.0 14.1 100.0 20.8
2024-05-08T13:35:22.734821 23.5 23.8 91.9 21.6
2024-05-08T13:35:23.736142 13.3 58.6 11.2 12.9
2024-05-08T13:35:24.737432 0.0 0.0 0.0 0.0
2024-05-08T13:35:25.738850 6.1 61.0 6.2 14.6
2024-05-08T13:35:26.740298 16.8 100.0 15.2 23.2
2024-05-08T13:35:27.741720 13.6 100.0 15.8 22.1
2024-05-08T13:35:28.742768 20.0 100.0 17.8 24.0
2024-05-08T13:35:29.744276 13.6 100.0 13.4 24.7
2024-05-08T13:35:30.745579 5.9 38.4 4.1 10.0
2024-05-08T13:35:31.746858 1.0 0.0 1.0 0.0
2024-05-08T13:35:32.748261 13.8 9.7 80.2 11.1
2024-05-08T13:35:33.749790 24.8 21.4 100.0 20.8
2024-05-08T13:35:34.750774 21.4 20.4 100.0 23.5
2024-05-08T13:35:35.752160 23.0 19.0 100.0 24.0
2024-05-08T13:35:36.753737 29.0 22.5 100.0 25.5
2024-05-08T13:35:37.755060 5.9 3.0 20.0 4.0
2024-05-08T13:35:38.756348 1.0 3.9 1.0 1.0
2024-05-08T13:35:39.757852 23.2 99.0 13.4 20.0
2024-05-08T13:35:40.758790 19.4 100.0 13.5 18.1
2024-05-08T13:35:41.760295 20.6 100.0 15.3 19.8
2024-05-08T13:35:42.761813 26.4 81.0 36.0 26.2
2024-05-08T13:35:43.762838 25.5 22.0 100.0 18.3
2024-05-08T13:35:44.764230 1.0 1.0 1.0 0.0
2024-05-08T13:35:45.765620 4.0 19.0 4.9 3.1
2024-05-08T13:35:46.766756 21.5 100.0 16.7 20.4
2024-05-08T13:35:47.768223 18.8 100.0 16.8 12.6
2024-05-08T13:35:48.769677 21.2 99.0 19.4 14.7
2024-05-08T13:35:49.770738 19.4 100.0 22.8 13.4
2024-05-08T13:35:50.771702 13.9 82.0 14.3 15.8
2024-05-08T13:35:51.773051 1.0 1.0 1.0 0.0
2024-05-08T13:35:52.774583 9.9 38.0 6.1 6.2
2024-05-08T13:35:53.776069 16.3 100.0 20.6 15.2
2024-05-08T13:35:54.777464 19.6 100.0 20.0 17.2
2024-05-08T13:35:55.778814 20.8 100.0 22.5 22.2
2024-05-08T13:35:56.780288 18.1 100.0 17.9 17.7
2024-05-08T13:35:57.781637 14.9 61.2 13.1 14.1
2024-05-08T13:35:58.782928 2.0 1.0 1.0 1.0
2024-05-08T13:35:59.784500 7.4 58.8 7.4 14.6
2024-05-08T13:36:00.785965 23.3 22.1 94.1 22.3
2024-05-08T13:36:01.786801 22.8 19.8 100.0 25.0
2024-05-08T13:36:02.788261 23.8 54.2 64.0 20.7
2024-05-08T13:36:03.789796 21.8 100.0 18.4 24.2
2024-05-08T13:36:04.790618 7.1 40.8 8.9 10.3
2024-05-08T13:36:05.791893 0.0 1.0 2.9 0.0
2024-05-08T13:36:06.793345 19.0 78.0 20.8 16.0
2024-05-08T13:36:07.794781 26.2 100.0 26.0 12.6
2024-05-08T13:36:08.796271 24.5 100.0 26.3 17.5
2024-05-08T13:36:09.797685 21.6 100.0 27.5 19.8
2024-05-08T13:36:10.798779 24.5 100.0 23.5 17.8
2024-05-08T13:36:11.800123 5.1 23.2 8.7 4.0
2024-05-08T13:36:12.801388 1.0 2.0 2.0 2.0
2024-05-08T13:36:13.802785 21.0 99.0 29.5 16.0
2024-05-08T13:36:14.804170 18.4 100.0 23.2 18.4
2024-05-08T13:36:15.805627 17.0 100.0 28.4 14.1
2024-05-08T13:36:16.806795 17.0 100.0 26.7 14.1
2024-05-08T13:36:17.808199 17.8 100.0 26.5 18.6
2024-05-08T13:36:18.809528 0.0 2.0 1.0 1.0
2024-05-08T13:36:19.810851 5.9 19.0 5.0 5.0
2024-05-08T13:36:20.812325 18.4 100.0 23.5 21.6
2024-05-08T13:36:21.813771 20.8 100.0 20.4 20.8
2024-05-08T13:36:22.814798 17.3 100.0 19.6 25.0
2024-05-08T13:36:23.816269 22.1 100.0 19.6 20.6
2024-05-08T13:36:24.817610 14.4 82.0 14.7 11.8
2024-05-08T13:36:25.818918 1.0 0.0 1.0 0.0
2024-05-08T13:36:26.820242 1.0 1.0 1.0 1.0
2024-05-08T13:36:27.821552 0.0 0.0 0.0 0.0
2024-05-08T13:36:28.822871 2.9 1.0 1.0 0.0
2024-05-08T13:36:29.824174 0.0 1.0 0.0 1.0
2024-05-08T13:36:30.825458 0.0 1.0 0.0 0.0
2024-05-08T13:36:31.826821 0.0 0.0 1.0 1.0
2024-05-08T13:36:32.828091 1.0 1.0 1.0 0.0
