#type       avg     std     min      p5     p10     p50     p67     p75     p80     p85     p90     p95     p99    p999   p9999      QPS   target       ts_start         ts_end
read      327.0   177.4   160.7   219.3   231.9   306.6   345.2   369.0   387.1   408.0   437.6   487.0   580.3  1537.0  7868.8  29967.0    30000  1714918476861  1714918487022
read      330.8   195.5   160.7   217.4   231.4   310.9   350.7   373.8   392.2   413.6   442.0   488.2   583.4  1677.5  8139.7  29995.2    30005  1714918488528  1714918498669
read      335.2   196.2   160.7   220.8   235.1   315.3   355.7   379.0   396.6   418.6   447.9   495.3   595.3  1386.0  8300.8  30007.2    30010  1714918500175  1714918510300
read      335.4   214.2   160.7   222.0   237.0   314.6   353.8   376.6   394.7   416.3   445.0   492.0   587.9  1775.3  8691.0  30050.1    30015  1714918511808  1714918521923
read      343.0   274.3   160.7   223.5   237.8   313.9   353.4   377.1   396.3   420.4   453.1   505.5   665.9  3713.1 10747.7  29968.4    30020  1714918523430  1714918533544
read      349.7   311.4   160.7   222.3   237.8   319.1   361.6   387.0   405.1   430.5   464.0   517.9   670.4  4175.1 11044.8  29974.0    30025  1714918535051  1714918545165
read      371.6   637.3   160.7   224.2   237.9   312.9   355.1   382.0   402.4   430.2   466.9   525.2   740.7 11222.3 23125.3  30087.2    30030  1714918546672  1714918556792
read      357.6   477.9   160.7   218.9   231.2   312.0   356.7   384.0   404.3   432.5   470.4   535.0   739.8  7579.3 20372.0  29978.4    30035  1714918558298  1714918568407
read      341.8   305.9   160.7   222.5   236.2   310.0   350.1   374.7   395.0   420.0   454.9   508.7   647.7  4008.1 14138.9  29979.5    30040  1714918569915  1714918580028
read      341.2   436.6   160.7   218.1   229.6   303.6   344.5   369.6   389.4   413.8   448.7   502.8   634.5  6336.3 20284.0  30069.4    30045  1714918581538  1714918591657
read      363.3   337.3   160.7   222.8   238.3   330.0   378.0   405.7   427.6   454.2   490.4   547.9   711.8  4521.9 13846.2  30087.6    30050  1714918593165  1714918603282
read      332.3   293.1   160.7   218.8   229.6   299.3   339.1   363.8   382.5   405.3   439.8   494.0   618.1  4761.9 11028.2  30029.2    30055  1714918604789  1714918614901
read      327.5   264.9   160.7   216.4   228.0   297.7   336.3   360.1   377.9   401.7   435.4   490.4   611.7  3412.2 11564.9  30114.6    30060  1714918616408  1714918626526
read      340.8   326.2   160.7   220.9   233.6   309.9   351.9   377.2   397.1   422.1   455.9   508.1   635.0  3480.2 16653.2  30055.6    30065  1714918628034  1714918638152
read      375.0   456.1   160.7   225.5   240.9   326.5   371.2   399.2   422.0   450.8   491.2   559.1   878.0  7236.8 19561.0  30004.1    30070  1714918639659  1714918649778
read      334.9   201.3   160.7   221.3   236.4   315.0   354.3   377.1   394.9   416.7   446.4   493.8   588.4  1481.6  8487.2  30051.7    30075  1714918651284  1714918661394
read      320.2   200.0   160.7   219.1   230.8   297.9   332.7   354.2   370.8   393.4   424.6   473.0   576.0  1977.9  8492.3  30153.8    30080  1714918662902  1714918673017
read      337.2   187.4   160.7   222.2   237.1   317.4   358.2   381.8   399.1   421.8   451.8   499.7   598.6  1392.0  8501.3  30106.2    30085  1714918674526  1714918684641
read      333.6   222.4   148.8   220.3   234.7   312.1   352.3   375.9   394.5   416.8   446.6   494.1   591.0  1593.4 10656.3  30049.6    30090  1714918686149  1714918696269
read      336.1   246.5   160.7   221.7   236.1   313.2   352.6   375.7   394.3   416.5   446.7   496.1   592.1  2385.4  8730.3  30132.7    30095  1714918697776  1714918707894
read      332.2   226.5   160.7   220.1   233.4   310.5   349.9   372.9   391.3   412.7   441.9   489.9   586.1  1814.4 10473.3  30119.8    30100  1714918709400  1714918719513
read      337.9   198.8   160.7   220.7   236.1   318.1   359.4   383.2   400.6   423.4   453.2   500.1   591.1  1635.4  9044.2  30027.6    30105  1714918721022  1714918731142
read      332.7   190.8   160.7   221.3   235.2   310.8   350.1   373.0   391.8   413.9   444.1   493.8   592.9  2038.7  8042.5  30166.7    30110  1714918732651  1714918742768
read      327.9   195.0   160.7   219.9   233.3   306.3   343.5   366.7   384.3   405.1   435.6   485.8   588.4  1998.0  8271.3  30143.6    30115  1714918744277  1714918754390
read      332.8   185.7   148.8   219.3   233.4   313.4   353.7   376.8   394.7   416.3   444.7   489.8   580.0  1905.8  8588.3  30205.1    30120  1714918755899  1714918766012
read      329.4   209.3   160.7   217.0   230.9   309.2   347.6   370.9   389.0   410.1   439.2   486.1   582.8  1714.5 10769.0  30112.8    30125  1714918767521  1714918777632
Connection.cc(491): Unexpected EOF from server.
Connection.cc(491): Unexpected EOF from server.
Connection.cc(491): Unexpected EOF from server.
