Random waveform, supplied seed
Total number of intervals = 180 (7434, 67201, 85927, 63953, 31595, 87879, 7287, 62295, 6561, 22532, 60653, 59076, 60154, 22964, 8172, 27652, 37594, 24367, 33771, 84944, 85666, 51918, 34406, 28664, 38289, 20658, 13840, 93419, 98284, 71313, 42089, 46458, 30755, 42889, 93552, 65694, 29574, 51355, 67361, 16287, 81508, 87619, 99068, 51267, 11822, 97494, 97350, 55460, 85984, 82043, 52873, 13911, 49984, 9274, 27187, 18735, 86505, 93039, 75999, 32324, 84255, 81759, 37291, 53818, 30297, 31569, 38927, 10652, 98119, 48176, 34929, 69735, 20753, 84642, 42333, 61587, 77998, 97625, 23781, 66723, 31016, 47394, 95335, 5252, 65908, 16889, 42912, 99898, 26385, 22616, 50605, 90283, 26273, 48521, 34058, 75648, 19482, 15054, 75754, 5187, 17656, 96343, 36665, 85269, 31525, 61798, 12253, 25710, 79937, 7271, 85861, 91467, 72217, 31080, 76878, 84584, 12492, 57106, 96245, 6791, 90728, 5151, 82969, 42635, 99337, 95192, 69200, 49459, 29055, 64324, 5705, 84816, 23714, 74116, 19948, 44213, 19454, 7190, 47657, 44399, 6481, 5807, 83137, 9580, 37385, 33706, 35204, 50438, 48878, 42682, 27416, 64424, 64364, 5481, 26227, 26586, 86286, 24452, 26832, 29795, 46224, 84587, 63389, 46953, 90536, 12508, 38491, 97806, 11813, 39665, 53571, 63215, 78767, 8615, 67903, 16398, 53434, 38068, 9130, 69227)
Average QPS expected = 49317
Timestamp start: 1715519515542
Timestamp end: 1715520416184

#type       avg     std     min      p5     p10     p50     p67     p75     p80     p85     p90     p95     p99    p999   p9999      QPS   target
read      349.3   488.1   160.7   210.2   227.2   323.9   352.7   368.3   379.3   392.7   407.6   435.6   629.6  7810.0 22665.8   7401.0     7434
read      361.8   202.4   148.8   202.6   216.0   332.6   397.5   435.4   464.5   499.8   543.7   610.7   747.0  1514.1  6156.1  66923.8    67201
read      364.7   359.7   148.8   205.5   220.3   335.3   398.9   436.2   464.5   498.6   542.0   610.5   760.3  1698.6  4334.9  86138.2    85927
read      370.5   253.5   148.8   201.9   215.3   335.8   401.4   442.4   473.8   510.9   559.3   630.7   807.9  2122.2  9254.7  64038.0    63953
read      371.9   218.4   148.8   198.0   211.6   328.0   406.7   457.4   491.1   528.0   571.7   636.5   983.1  1721.7  7849.3  31614.4    31595
read      367.7   213.4   148.8   204.4   218.9   333.5   397.5   435.6   464.8   500.4   546.3   620.5   804.6  2485.1  7151.8  88037.4    87879
read      337.0   362.3   160.7   202.6   218.0   319.0   348.7   365.5   376.6   391.3   407.7   445.0   609.9  4493.3 19488.3   7327.2     7287
read      364.0   185.3   148.8   200.0   213.3   331.3   395.7   434.4   465.5   503.5   552.0   626.8   802.4  1863.4  6383.9  62260.4    62295
read      338.0   424.4   160.7   205.6   224.0   311.1   338.4   353.4   364.3   375.7   395.0   428.6   642.3  7550.8 17222.2   6537.2     6561
read      367.3   247.9   160.7   198.4   211.2   331.3   411.1   451.7   477.2   504.1   537.9   590.0   914.9  3173.0 10224.7  22447.0    22532
read      367.2   198.1   148.8   200.2   213.4   332.7   398.5   439.2   470.9   509.9   559.9   634.3   846.6  1787.8  7189.2  60487.0    60653
read      364.5   195.9   148.8   201.7   214.9   333.4   397.2   436.1   468.0   506.6   555.0   625.6   764.9  1731.2  7361.9  58997.4    59076
read      363.5   184.5   148.8   202.1   215.6   333.0   397.2   435.8   466.3   503.4   548.4   616.2   768.5  1651.7  6644.5  60323.6    60154
read      382.2   458.2   148.8   204.2   217.2   340.7   420.0   459.5   484.4   509.5   541.7   589.7   755.3  6457.1 26968.9  22886.4    22964
read      341.5   287.0   160.7   210.3   226.3   331.1   363.0   379.7   392.1   404.5   424.2   452.0   533.5  4067.3 12240.2   8236.8     8172
read      360.9   211.3   148.8   202.3   214.6   327.0   403.4   447.6   475.6   504.3   538.5   587.1   696.1  3041.1  8104.1  27744.6    27652
read      368.2   189.0   148.8   203.0   215.9   335.0   406.0   453.0   485.8   521.5   564.3   628.0   769.4  1098.8  7239.2  37450.2    37594
read      366.0   234.4   148.8   203.5   216.0   336.3   414.6   455.5   481.3   507.7   540.6   589.3   711.0  1615.5  8557.9  24423.0    24367
read      369.4   184.4   148.8   202.9   216.2   337.4   410.5   456.2   487.8   522.3   562.6   622.3   756.7  1310.5  7456.2  33721.4    33771
read      362.9   172.6   148.8   205.2   219.6   334.7   398.9   436.5   465.3   499.5   542.4   610.7   759.3  1258.3  5671.2  84860.6    84944
read      360.8   197.8   148.8   204.4   218.1   330.1   393.2   431.2   460.1   494.4   538.1   604.8   747.3  1735.4  7958.8  85777.0    85666
read      382.8   221.1   148.8   205.3   219.3   349.7   420.0   462.4   495.4   535.6   586.3   662.6   831.9  1812.3  7710.8  51946.2    51918
read      377.7   228.6   148.8   201.3   214.5   333.7   407.9   458.5   493.8   533.0   580.2   649.6  1018.8  1738.3  8487.4  34373.2    34406
read      373.3   336.7   148.8   200.5   212.9   324.9   406.5   455.7   487.9   522.1   561.9   626.3   961.3  3726.6  9751.4  28604.4    28664
read      380.4   269.7   148.8   200.9   213.9   333.8   403.5   453.1   489.6   530.6   579.8   655.8  1095.1  3014.3  9939.2  38132.0    38289
read      368.2   255.6   160.7   201.5   213.5   337.1   417.4   455.8   480.2   505.9   538.7   589.9   846.4  1643.7  9999.7  20668.4    20658
read      357.7   317.2   160.7   202.3   214.3   341.7   397.0   423.6   441.0   460.8   486.1   527.8   700.1  3764.3 15392.7  13824.6    13840
read      374.4   228.0   148.8   207.5   222.6   341.1   402.8   440.4   468.6   503.9   549.8   626.3   860.8  2437.0  6934.0  93362.6    93419
read      389.7   182.2   160.7   216.7   233.8   360.8   425.7   464.2   493.1   527.8   573.6   644.1   825.1  1736.9  6298.1  98087.2    98284
read      384.2   212.9   148.8   206.6   221.1   348.0   421.5   464.6   496.4   534.5   585.2   666.3   861.0  2114.5  7552.2  71471.8    71313
read      382.9   277.6   148.8   202.3   215.1   338.1   406.9   455.0   490.8   532.9   584.8   663.9  1073.7  2311.1 10663.3  41997.8    42089
read      387.1   228.1   148.8   204.2   217.8   346.1   416.5   462.2   498.2   540.5   594.4   677.9  1060.7  2116.7  8061.2  46394.0    46458
read      372.1   236.3   148.8   200.3   213.5   327.9   405.0   456.2   489.2   524.4   566.1   630.3   980.1  1853.6  9295.0  30822.4    30755
read      381.2   258.9   148.8   202.9   216.1   339.3   405.8   452.9   488.7   531.2   584.0   661.4  1042.2  2028.6 10063.6  42997.6    42889
read      379.9   227.8   148.8   210.7   226.6   348.5   412.5   450.9   479.5   514.2   560.8   633.3   840.3  1850.4  8479.0  93730.0    93552
read      379.8   212.8   148.8   205.2   219.2   346.1   418.5   461.0   492.7   530.7   580.5   657.8   838.3  1737.3  5889.1  65795.0    65694
read      371.4   231.9   148.8   200.2   213.1   329.2   407.9   458.0   490.1   524.5   565.4   628.4   963.7  1575.1  8294.0  29622.0    29574
read      385.2   250.8   148.8   205.1   219.1   348.0   416.8   459.8   493.1   534.2   586.6   665.9   903.4  2636.3  7782.4  51220.4    51355
read      375.3   178.5   148.8   204.7   218.7   344.9   415.2   456.8   487.5   524.5   573.0   644.9   803.2  1506.2  5270.5  67243.0    67361
read      359.5   281.3   160.7   200.9   212.9   338.6   402.5   433.2   453.0   473.4   501.1   545.3   790.5  2906.6 14761.3  16177.6    16287
read      378.9   207.7   148.8   206.5   221.1   344.0   412.4   453.6   484.1   521.1   569.0   643.3   866.6  2219.2  6502.0  81630.2    81508
read      381.8   251.7   148.8   208.2   223.4   346.2   414.5   455.4   485.5   521.7   570.4   643.2   852.9  2439.9  7561.1  87341.4    87619
read      361.2   178.1   148.8   207.5   222.8   335.0   392.6   427.2   453.8   485.8   528.3   592.5   743.9  1588.6  7039.2  99370.6    99068
read      386.7   297.1   148.8   205.2   219.8   347.0   417.4   460.2   492.8   531.6   581.5   658.3   890.5  3214.9 12473.1  51255.6    51267
read      402.2   362.7   160.7   206.2   221.3   363.5   424.7   461.1   490.6   529.1   580.0   659.2   978.1  4647.0 14039.3  11838.4    11822
read      407.9   327.4   148.8   217.9   235.7   366.7   433.7   474.5   505.4   543.5   594.0   682.0   960.4  3883.3 10055.5  97361.0    97494
read      434.6   442.6   148.8   219.2   238.1   375.6   447.5   492.9   528.1   571.8   631.6   742.7  1557.4  5438.1 15100.3  97472.4    97350
read      386.0   366.8   148.8   203.6   217.6   338.1   403.7   447.2   480.6   522.0   575.0   653.5  1088.3  4528.7 10943.7  55580.6    55460
read      401.7   346.7   148.8   207.9   223.7   350.7   419.7   462.7   496.6   538.8   597.7   714.7  1208.9  3597.8 14404.3  86178.4    85984
read      377.8   305.5   148.8   205.8   220.3   339.6   406.0   446.7   477.0   513.7   562.2   638.2   854.9  2468.6 15438.7  82139.6    82043
read      380.8   211.2   148.8   203.9   217.6   345.2   414.9   458.6   492.1   532.5   584.4   662.0   893.1  1759.4  7519.5  52779.6    52873
read      397.7   324.4   148.8   199.9   213.4   364.8   428.3   464.0   492.8   531.1   586.9   675.7   916.0  4054.4 12695.9  13839.2    13911
read      381.3   221.8   148.8   203.6   217.2   341.6   409.2   454.0   488.4   529.9   582.6   661.7  1012.3  2475.6  7961.8  49881.8    49984
read      393.8   576.3   160.7   204.4   220.2   351.1   402.0   433.5   457.7   487.0   526.4   588.6   937.5  6453.3 31274.0   9265.0     9274
read      428.6   304.2   148.8   201.7   214.4   345.6   455.3   517.0   565.4   636.2   771.1   930.6  1172.2  3400.3  9411.3  27169.4    27187
read      427.2   638.2   148.8   199.9   212.8   366.5   452.4   497.3   533.2   584.6   665.4   775.2   994.7  9101.4 30916.1  18680.0    18735
read      374.8   294.1   148.8   207.0   221.8   339.1   403.1   442.8   471.6   506.5   551.3   626.7   816.3  3060.7  8034.7  86235.4    86505
read      373.9   194.3   148.8   208.8   224.2   342.2   404.9   444.5   473.4   509.6   556.7   631.7   807.1  1781.2  7271.3  92745.4    93039
read      362.1   195.3   148.8   203.2   216.3   330.6   394.5   432.3   461.9   497.8   544.0   616.2   766.8  1735.4  7534.4  76033.4    75999
read      443.0   570.9   148.8   201.3   214.8   339.7   445.6   513.5   564.5   641.5   796.1   984.7  1310.9  6776.4 30646.2  32268.0    32324
read      374.6   280.8   148.8   205.9   220.3   337.5   402.8   442.1   470.8   507.5   556.0   632.4   863.3  2631.1 10902.0  84262.4    84255
read      371.0   231.6   148.8   205.8   220.0   335.2   400.8   440.2   469.4   505.6   552.3   630.0   835.3  2221.3  7474.6  81768.2    81759
read      396.1   330.2   148.8   204.1   217.9   342.9   421.6   473.2   510.5   553.3   606.9   692.8  1170.7  3005.4 12280.0  37304.6    37291
read      375.5   219.0   148.8   203.5   216.8   340.2   408.5   452.5   485.5   525.3   576.9   649.7   833.6  1796.6  7843.1  53785.6    53818
read      432.1   394.4   148.8   201.5   214.6   341.1   448.8   512.7   560.5   627.8   774.9   966.2  1246.5  4024.9 16814.7  30326.8    30297
read      442.6   451.8   148.8   201.1   214.4   340.9   450.7   518.0   569.5   650.0   812.4   998.2  1308.6  5863.9 12993.7  31698.4    31569
read      376.7   230.3   160.7   202.6   215.4   335.8   408.0   457.4   492.9   533.0   580.7   646.9   928.6  1871.2  9139.4  39021.6    38927
read      380.8   415.4   160.7   202.8   216.3   352.2   404.4   434.5   458.8   489.0   530.2   590.6   781.3  4386.3 19999.3  10654.0    10652
read      384.5   249.5   148.8   211.8   228.1   348.3   410.4   448.8   477.2   512.6   560.2   636.7   915.2  2541.7  8968.5  97755.0    98119
read      379.6   253.3   148.8   203.6   217.0   341.3   411.5   457.6   492.4   533.4   584.8   657.4   839.3  1954.0 10073.3  48258.8    48176
read      392.8   303.3   148.8   202.7   215.4   334.3   416.3   471.0   508.6   550.6   603.8   711.1  1169.9  3387.1  9680.7  35043.0    34929
read      371.9   276.7   148.8   203.3   216.4   335.0   401.5   441.9   472.0   510.1   559.7   635.2   827.1  2534.6  9337.8  69771.0    69735
read      422.1   441.4   160.7   201.6   213.8   360.7   453.6   500.3   537.0   589.5   679.2   801.4  1046.9  6288.2 13240.1  20861.8    20753
read      385.4   277.0   148.8   207.4   222.3   343.8   410.0   451.2   482.1   520.1   570.9   652.8  1098.4  2409.2  9007.1  84601.8    84642
read      378.4   293.9   148.8   203.3   216.7   340.7   410.3   456.6   491.4   531.4   580.3   645.9   819.6  1933.3 10619.7  42423.6    42333
read      374.3   193.5   148.8   203.4   217.0   340.4   408.2   450.4   482.2   520.9   572.4   645.5   829.6  1941.1  6088.4  61591.6    61587
read      374.2   203.6   148.8   205.0   219.4   338.6   407.9   449.9   480.6   517.9   567.5   640.9   836.9  1985.1  6655.5  77984.6    77998
read      388.4   410.5   160.7   211.6   228.2   352.6   417.0   456.3   486.0   522.7   572.1   650.9   863.4  2819.6 15074.6  97524.6    97625
read      424.5   445.1   160.7   200.3   213.2   350.5   453.7   506.2   545.3   603.5   705.0   850.6  1093.0  7048.1 13491.5  23771.6    23781
read      371.9   227.6   148.8   202.0   215.0   335.3   400.9   440.9   471.6   509.1   558.7   635.7   926.8  2374.7  8684.3  66651.0    66723
read      435.3   367.7   148.8   199.7   213.0   341.9   450.1   516.5   569.6   656.1   810.6   983.5  1259.2  3584.4 12080.7  30729.0    31016
read      384.0   225.3   148.8   203.4   217.1   342.7   412.6   457.9   493.3   535.7   589.3   670.1  1054.2  2139.4  7352.4  47293.8    47394
read      374.1   188.4   148.8   209.4   225.3   343.3   405.2   443.5   471.8   507.4   553.7   628.5   814.5  1728.0  6527.0  95235.8    95335
read      352.4   593.0   160.7   212.2   235.1   312.7   342.5   360.8   373.1   392.2   417.7   462.9   794.9  8661.9 25208.7   5276.0     5252
read      386.6   343.5   148.8   204.4   218.3   338.7   407.4   450.4   483.3   523.6   576.2   659.6  1160.0  3905.3 10874.4  65818.2    65908
read      406.1   302.5   160.7   201.9   214.3   366.4   444.0   485.1   517.1   562.2   633.2   735.3   972.0  3859.2 10060.1  17048.4    16889
read      388.5   319.0   148.8   203.8   217.5   340.8   412.6   461.3   497.2   538.1   588.8   671.6  1091.6  3361.6  8767.8  42897.8    42912
read      396.8   226.6   148.8   217.3   234.2   362.7   427.8   468.4   499.8   537.8   587.0   668.9   898.1  2321.1  8993.9 100045.0    99898
read      382.7   474.3   148.8   201.1   213.6   330.6   418.7   466.8   496.8   528.9   568.0   635.0   978.3  3496.7 12537.2  26374.2    26385
read      370.5   211.3   160.7   201.0   213.3   335.5   420.5   461.6   488.0   516.1   548.4   605.8   893.5  1710.5  7629.2  22457.8    22616
read      378.0   314.9   148.8   202.9   216.2   337.0   403.5   448.7   482.9   523.9   575.3   646.8   885.4  2737.2  9924.7  50593.8    50605
read      365.6   171.4   148.8   205.9   220.5   335.3   398.3   435.6   464.5   498.6   542.5   613.6   789.3  1720.6  5126.7  90147.0    90283
read      368.5   251.6   160.7   198.9   212.2   325.7   408.3   455.5   485.0   515.7   550.2   606.6   929.8  2416.6 10882.3  26327.6    26273
read      376.8   257.2   148.8   202.7   216.0   338.4   405.8   451.9   486.7   526.9   576.5   644.8   862.9  2252.7  7995.0  48429.4    48521
read      374.3   232.1   148.8   198.5   212.2   330.5   404.4   456.6   491.9   530.0   574.9   639.4  1008.5  1919.0  9027.3  33978.2    34058
read      380.9   289.9   148.8   204.3   218.5   338.7   407.5   449.1   479.9   517.5   567.9   650.3  1034.3  2710.7  9354.0  75539.6    75648
read      365.2   246.3   148.8   200.5   212.6   335.1   411.6   448.1   470.4   495.8   526.5   578.0   880.7  2939.0 12096.6  19425.0    19482
read      361.0   236.7   148.8   200.9   213.3   346.1   407.2   435.1   453.8   473.0   500.1   543.7   755.5  3011.5  9929.8  15106.0    15054
read      368.2   241.7   148.8   202.7   215.8   331.4   397.9   437.5   467.4   503.7   549.8   626.8   860.9  2152.6  7955.6  75572.0    75754
read      335.9   457.1   160.7   210.9   234.1   305.1   329.1   342.7   353.6   366.7   385.1   421.4   617.8  8040.4 20707.3   5226.0     5187
read      360.1   283.7   148.8   198.5   210.7   335.1   404.2   435.8   456.4   478.6   505.3   550.4   806.0  3890.1  8490.5  17524.2    17656
read      365.3   311.5   148.8   204.8   219.5   330.9   389.9   425.1   452.5   486.4   531.6   603.8   815.1  2528.3 11430.7  96247.2    96343
read      376.8   259.3   148.8   199.8   212.9   329.5   402.3   452.9   489.1   528.8   576.1   645.4  1094.4  2548.5  7673.3  36636.2    36665
read      367.4   230.1   148.8   203.9   217.7   331.5   394.4   432.0   461.0   496.3   542.2   617.1   843.0  2910.5  7567.7  85060.2    85269
read      370.5   213.7   148.8   199.3   212.6   328.5   405.9   456.3   489.5   524.9   565.9   627.3   968.2  1678.9  7766.1  31425.4    31525
read      365.6   213.0   148.8   201.2   214.5   331.3   393.4   432.0   463.2   501.5   550.6   624.7   833.6  2087.2  6825.9  61766.0    61798
read      350.4   272.5   160.7   201.2   213.7   340.1   388.1   410.6   426.1   443.6   465.4   503.0   672.5  3321.8 13559.6  12261.4    12253
read      367.1   250.0   148.8   198.9   212.1   325.8   408.5   454.8   483.4   513.0   547.3   602.4   905.8  1751.9 10473.0  25854.0    25710
read      367.9   201.5   148.8   205.4   219.6   332.3   396.8   435.3   465.5   501.8   548.2   626.1   858.6  2068.9  6145.7  79954.4    79937
read      353.1   441.7   160.7   208.2   226.0   326.2   356.5   372.6   385.2   398.5   419.4   459.2   688.9  6375.2 18539.5   7246.4     7271
read      361.3   212.7   148.8   203.4   217.0   329.3   391.8   428.5   456.6   490.6   535.6   607.0   791.3  1878.0  7818.5  85787.2    85861
read      363.2   205.9   148.8   205.8   220.3   332.7   393.0   429.0   457.2   491.6   536.5   606.8   774.9  1953.1  7109.1  91651.8    91467
read      359.2   178.6   148.8   200.4   213.5   326.8   390.4   428.9   459.7   496.7   543.8   615.6   787.3  1694.9  5616.7  72254.6    72217
read      375.0   263.9   148.8   199.0   212.3   328.2   409.2   461.7   495.1   531.0   573.6   637.7   993.5  1729.1 12734.3  31138.4    31080
read      362.5   210.6   148.8   201.8   214.7   328.4   392.7   430.6   460.1   495.8   542.2   615.0   805.2  2270.5  7884.2  76765.6    76878
read      370.1   273.3   148.8   204.2   218.0   332.3   396.3   434.4   464.2   500.3   546.1   622.3   854.6  2766.1 10634.9  84826.0    84584
read      354.5   336.6   148.8   201.7   213.9   340.6   389.9   413.9   429.7   448.3   469.3   507.6   675.7  3980.5 16123.5  12487.0    12492
read      369.2   235.4   148.8   200.7   213.9   333.6   397.0   437.4   470.1   509.7   561.2   634.3   868.5  2162.0  8751.4  57195.4    57106
read      360.8   177.5   148.8   206.5   221.4   332.3   391.2   426.9   454.6   487.8   531.1   596.8   755.4  1592.3  6445.1  96007.6    96245
read      341.8   407.1   160.7   205.2   222.9   316.5   345.2   361.8   372.4   387.7   404.4   441.6   617.8  7512.5 13733.6   6834.0     6791
read      358.6   225.7   148.8   203.5   217.4   327.2   387.8   423.3   450.9   484.2   527.9   593.4   764.0  2324.1  7013.2  90740.2    90728
read      337.6   604.4   160.7   212.0   234.6   304.7   328.5   341.8   352.2   365.5   383.3   419.3   622.4  7776.5 31571.4   5164.0     5151
read      372.9   277.4   148.8   204.7   219.1   336.8   403.1   442.8   471.5   507.2   553.2   629.3   834.1  2629.3  8427.3  82689.0    82969
read      380.2   247.1   148.8   199.7   213.5   336.3   404.7   452.9   489.8   532.0   582.5   658.0  1073.3  2440.2  9582.7  42825.4    42635
read      383.0   272.3   148.8   212.1   228.5   348.9   409.5   446.3   473.7   508.5   554.4   629.9   881.5  2554.1  9222.2  99287.6    99337
read      373.7   204.1   148.8   210.1   225.7   343.5   404.9   442.6   470.5   504.7   548.7   622.9   804.2  1869.4  6450.5  94935.4    95192
read      371.4   290.8   148.8   203.2   216.4   334.0   399.6   439.9   470.9   508.5   558.0   634.0   835.6  2088.0 14389.2  69233.8    69200
read      370.3   223.4   148.8   202.0   215.0   333.6   399.4   443.3   478.7   520.5   570.5   637.5   824.8  1742.9  9975.0  49464.2    49459
read      378.3   331.2   148.8   199.6   213.1   329.7   411.4   460.8   492.6   526.1   565.1   626.1   961.5  5175.8  9849.9  29061.4    29055
read      379.7   295.6   148.8   203.8   217.3   340.8   409.9   451.9   483.4   521.3   571.5   649.4   910.4  2412.1 11332.8  64242.2    64324
read      338.5   483.6   160.7   209.4   229.6   307.3   333.0   346.3   358.2   370.4   389.7   424.9   587.4  8753.5 16763.9   5724.2     5705
read      364.7   233.1   148.8   203.5   217.0   329.5   391.7   429.0   458.1   493.5   539.8   615.8   843.3  2259.4  8326.1  84536.6    84816
read      366.1   243.0   148.8   200.4   213.2   328.9   412.5   455.0   481.8   509.5   542.3   593.6   860.5  1670.7 10856.4  23586.4    23714
read      371.9   253.0   148.8   203.4   216.8   333.8   398.6   437.0   467.2   504.0   551.2   629.8   913.0  2523.3  8458.1  74081.4    74116
read      368.5   368.6   160.7   200.5   213.2   337.1   413.3   450.2   473.0   498.4   529.3   578.1   818.4  3899.5 17614.6  19939.2    19948
read      381.1   259.3   148.8   199.8   213.7   338.3   405.2   452.4   488.6   530.6   581.5   661.2  1089.9  2316.2  8380.8  44062.6    44213
read      367.7   283.7   148.8   198.5   211.3   336.0   411.4   446.8   469.0   494.0   524.1   574.1   911.1  3824.4  8024.7  19518.8    19454
read      338.6   383.5   160.7   205.5   222.2   320.2   350.5   367.4   379.3   394.2   413.5   450.2   611.2  4353.1 17846.9   7217.2     7190
read      377.3   312.0   148.8   202.2   215.2   337.4   403.7   447.7   481.3   521.9   571.8   640.9   886.9  2228.5 10649.5  47430.4    47657
read      386.1   241.6   148.8   202.8   216.1   342.4   415.3   462.6   500.2   543.7   596.7   678.4  1058.5  2094.8  8508.3  44331.4    44399
read      334.6   448.9   160.7   208.0   226.4   312.3   339.1   354.1   365.0   376.9   395.9   428.3   573.6  5833.2 18649.1   6467.4     6481
read      340.1   522.9   160.7   209.3   229.9   308.4   333.8   346.8   358.6   370.4   389.1   424.0   609.4  7735.9 24095.0   5802.6     5807
read      373.1   220.5   148.8   205.6   220.0   337.8   405.0   445.2   473.8   508.6   555.7   631.1   854.4  2169.8  5457.0  82819.0    83137
read      360.2   453.8   160.7   204.7   218.0   333.6   372.2   391.9   404.3   421.8   441.9   484.7   830.5  6138.6 24263.9   9626.0     9580
read      373.7   267.1   148.8   198.5   212.2   329.5   400.2   450.0   485.4   524.9   571.4   636.8  1030.2  2063.5  7919.7  37280.4    37385
read      373.3   198.2   148.8   199.6   213.0   331.4   405.6   458.2   493.3   530.3   573.5   636.3  1006.5  1580.0  6727.7  33749.4    33706
read      381.8   325.6   148.8   201.7   215.0   334.0   409.8   460.4   495.5   534.1   580.1   648.0  1061.7  2232.4 10563.5  35243.0    35204
read      389.5   255.6   148.8   205.5   219.9   347.9   419.5   464.9   499.4   539.4   589.5   672.4   989.3  2712.9 10343.0  50464.0    50438
read      384.7   295.4   148.8   204.2   217.8   345.1   416.3   461.4   496.0   537.5   589.2   666.2   892.9  2020.5  9545.2  48911.6    48878
read      401.8   352.5   148.8   203.4   217.0   345.8   421.4   470.9   509.0   553.1   612.5   709.4  1283.1  4165.7 12323.3  42670.6    42682
read      399.5   477.7   148.8   203.7   216.9   340.6   427.2   475.7   507.2   542.6   586.8   665.6  1079.7  5869.7 29376.9  27323.6    27416
read      399.8   353.5   148.8   205.1   219.4   345.6   417.9   462.1   496.6   538.9   596.5   698.8  1389.7  3933.8  9413.4  64605.4    64424
read      383.5   262.7   148.8   205.2   219.3   346.4   417.2   459.5   491.3   529.5   580.2   658.5   904.2  2412.1  7849.9  64313.0    64364
read      330.4   367.5   160.7   209.9   230.3   304.6   329.3   343.0   354.2   367.3   386.3   424.5   593.0  7157.8 13027.0   5569.6     5481
read      371.7   260.7   148.8   199.2   212.1   327.9   412.6   459.1   488.1   519.1   556.9   623.3   982.5  1663.3 11912.5  26105.2    26227
read      376.7   265.5   160.7   200.1   213.1   329.7   413.4   461.4   491.7   524.3   564.6   635.0   996.8  3725.6  9342.2  26582.0    26586
read      377.4   282.1   148.8   206.0   220.8   338.9   403.0   442.1   471.7   508.4   558.3   636.9   898.6  2970.5  8099.4  86224.0    86286
read      381.4   305.1   160.7   201.3   213.6   337.4   421.9   466.1   494.6   525.9   564.8   637.8  1006.7  3174.6 12627.7  24409.2    24452
read      365.0   226.1   148.8   202.7   215.7   331.1   411.3   455.3   482.3   509.1   540.4   584.8   698.9  2384.4  8727.5  26771.6    26832
read      356.0   229.1   148.8   200.1   213.1   321.7   398.6   444.9   473.8   502.4   533.8   575.9   665.9  1115.1 10280.4  29599.0    29795
read      359.2   179.9   148.8   201.3   214.7   330.6   394.6   435.0   467.6   505.0   546.6   602.0   709.5  1009.6  7860.5  46320.6    46224
read      354.1   154.7   148.8   203.2   217.0   328.6   391.0   427.2   454.4   486.7   527.7   587.9   713.9   957.8  4247.0  84614.2    84587
read      356.8   149.8   148.8   200.2   213.9   331.2   394.7   431.7   461.2   496.9   540.2   601.0   720.8   972.1  4286.6  63399.0    63389
read      365.5   187.6   148.8   201.6   215.7   337.2   403.0   444.9   478.0   515.9   558.3   616.4   731.2  1034.3  7581.6  46796.2    46953
read      348.3   152.2   148.8   203.2   216.8   324.9   384.5   418.4   443.3   473.0   512.8   573.0   686.4   901.3  4048.5  90754.8    90536
read      352.0   341.8   160.7   208.3   222.6   345.0   389.5   409.9   423.9   438.1   458.3   487.0   560.8  2115.8 21718.0  12509.2    12508
read      360.1   205.3   137.8   200.6   214.4   328.2   397.7   442.8   475.7   510.9   548.1   599.0   702.2  1012.8  7204.9  38309.8    38491
read      345.2   160.4   137.8   203.3   217.3   322.9   379.1   411.1   435.2   464.7   502.0   559.2   673.5   866.0  7087.7  97642.8    97806
read      350.7   267.5   160.7   209.0   223.8   343.2   385.1   404.1   418.1   432.3   452.3   479.9   563.0  3928.7  9917.2  11768.4    11813
read      368.4   219.9   148.8   205.3   220.4   334.6   404.0   451.6   486.0   522.5   561.2   614.4   725.0  1080.6  9232.3  39714.4    39665
read      363.6   211.4   148.8   203.8   218.2   331.9   397.5   437.6   470.4   509.4   555.0   616.3   738.7  1078.3  8269.5  53599.6    53571
read      361.0   177.4   148.8   202.6   216.5   334.4   397.4   434.3   464.0   500.2   544.0   606.6   732.4  1091.0  6883.1  63101.4    63215
read      356.5   149.7   148.8   200.9   214.7   329.6   394.4   431.5   459.8   494.1   537.5   600.9   735.3  1010.5  3997.6  78871.6    78767
read      343.9   341.0   160.7   209.8   225.5   332.9   364.7   381.2   392.8   404.5   424.2   453.6   546.3  4875.3 12852.0   8667.2     8615
read      355.8   172.0   148.8   199.3   212.9   329.2   392.8   429.5   458.4   494.0   538.0   599.7   728.3  1026.4  6520.6  67769.8    67903
read      352.6   248.5   148.8   204.7   218.2   343.3   400.9   428.2   445.6   463.0   485.0   513.9   586.3  1400.6 11827.9  16296.2    16398
read      363.3   182.6   148.8   201.2   215.2   335.9   400.5   440.0   470.9   508.0   550.6   611.5   731.1  1021.4  7920.8  53418.6    53434
read      366.1   248.4   148.8   199.6   213.5   329.8   402.3   449.3   483.2   519.5   559.2   614.8   741.0  1438.4 10661.5  38023.8    38068
read      349.1   369.8   148.8   210.2   225.9   336.3   370.1   387.1   398.1   411.9   429.9   459.1   550.4  4690.9 13364.7   9131.2     9130
read      355.8   195.6   148.8   200.0   213.5   328.5   392.2   428.6   457.2   491.9   534.9   594.6   722.6  1045.6  7997.5  68928.0    69227

Total QPS = 49294.0 (44364584 / 900.0s)

Total connections = 64
Misses = 0 (0.0%)
Skipped TXs = 0 (0.0%)

RX 10958052001 bytes :   11.6 MB/s
TX          0 bytes :    0.0 MB/s
Warning! Detected max cpu usage > 95%
CPU Usage Stats (avg/min/max): 99.99%,49.49%,100.00%
