Random waveform, supplied seed
Total number of intervals = 600 (7434, 67201, 85927, 63953, 31595, 87879, 7287, 62295, 6561, 22532, 60653, 59076, 60154, 22964, 8172, 27652, 37594, 24367, 33771, 84944, 85666, 51918, 34406, 28664, 38289, 20658, 13840, 93419, 98284, 71313, 42089, 46458, 30755, 42889, 93552, 65694, 29574, 51355, 67361, 16287, 81508, 87619, 99068, 51267, 11822, 97494, 97350, 55460, 85984, 82043, 52873, 13911, 49984, 9274, 27187, 18735, 86505, 93039, 75999, 32324, 84255, 81759, 37291, 53818, 30297, 31569, 38927, 10652, 98119, 48176, 34929, 69735, 20753, 84642, 42333, 61587, 77998, 97625, 23781, 66723, 31016, 47394, 95335, 5252, 65908, 16889, 42912, 99898, 26385, 22616, 50605, 90283, 26273, 48521, 34058, 75648, 19482, 15054, 75754, 5187, 17656, 96343, 36665, 85269, 31525, 61798, 12253, 25710, 79937, 7271, 85861, 91467, 72217, 31080, 76878, 84584, 12492, 57106, 96245, 6791, 90728, 5151, 82969, 42635, 99337, 95192, 69200, 49459, 29055, 64324, 5705, 84816, 23714, 74116, 19948, 44213, 19454, 7190, 47657, 44399, 6481, 5807, 83137, 9580, 37385, 33706, 35204, 50438, 48878, 42682, 27416, 64424, 64364, 5481, 26227, 26586, 86286, 24452, 26832, 29795, 46224, 84587, 63389, 46953, 90536, 12508, 38491, 97806, 11813, 39665, 53571, 63215, 78767, 8615, 67903, 16398, 53434, 38068, 9130, 69227, 37496, 83925, 51037, 33690, 51474, 73708, 98618, 81977, 91567, 48236, 91726, 52458, 70467, 71151, 65016, 42057, 78821, 60720, 39911, 10628, 73736, 7334, 91868, 76670, 10405, 26019, 55530, 29615, 66057, 55281, 21177, 88239, 70227, 23421, 97104, 6235, 58045, 23729, 40897, 53312, 87262, 81836, 92274, 47252, 75747, 80994, 98224, 7737, 37514, 10640, 90490, 92514, 89245, 73823, 46565, 21419, 66915, 31667, 72255, 99535, 9226, 67844, 71413, 97328, 55113, 53743, 15253, 90605, 25767, 93458, 95080, 88399, 95681, 33003, 98809, 64610, 51183, 20194, 7602, 46677, 5577, 23035, 57516, 62851, 38431, 25729, 19443, 19461, 42341, 5691, 40223, 29941, 41162, 43863, 20318, 93421, 48578, 40595, 17677, 78948, 9703, 9686, 7968, 15830, 8192, 79410, 76582, 54634, 72177, 15101, 8167, 44130, 53047, 97171, 81360, 77277, 38294, 11165, 74155, 12255, 52404, 17057, 6005, 85707, 79742, 58322, 26212, 69487, 29507, 51412, 67374, 55125, 53048, 12192, 36138, 60799, 36368, 39729, 95693, 40999, 65037, 12633, 50117, 62765, 12379, 49369, 39111, 52692, 24539, 61591, 47864, 16479, 75268, 8714, 13002, 77147, 43518, 27206, 55859, 37448, 45026, 99974, 64632, 49061, 80418, 16471, 35694, 13935, 79838, 48842, 17708, 31401, 62091, 87121, 81929, 42013, 90709, 67578, 58116, 68886, 93119, 95079, 77456, 15723, 9867, 8176, 89745, 11058, 81413, 21659, 27181, 17420, 23028, 33694, 32735, 57645, 45216, 57659, 85443, 14390, 31520, 67089, 16537, 18930, 46784, 93102, 89799, 66551, 93104, 43768, 54006, 64618, 86482, 77459, 61365, 52346, 87286, 17384, 98165, 63330, 5866, 37693, 75360, 34753, 59823, 68266, 39383, 65072, 33192, 51847, 62362, 84073, 64213, 27059, 54703, 98366, 29565, 75000, 62235, 47788, 68928, 36478, 76067, 47020, 81656, 16396, 21661, 50156, 54102, 65670, 17584, 30347, 21534, 10216, 80544, 45508, 21591, 15435, 14502, 16369, 42077, 38334, 17694, 75056, 53845, 13319, 77808, 44423, 25669, 66463, 35396, 33885, 11712, 51485, 59378, 94757, 71707, 6184, 52631, 31188, 92326, 78268, 78655, 29798, 96196, 39289, 13806, 86543, 67095, 15164, 21544, 80587, 90870, 18274, 33727, 11433, 17009, 61531, 77691, 75329, 79936, 74872, 7464, 12219, 19906, 18108, 6498, 5794, 54376, 12545, 86110, 9730, 82140, 78511, 68231, 11420, 89777, 75189, 96119, 69998, 79345, 21991, 99920, 15067, 96201, 28442, 23738, 9437, 97039, 39843, 11616, 56350, 24650, 33825, 54193, 76287, 30507, 43736, 81903, 80570, 90992, 78961, 37791, 97764, 71081, 32361, 41597, 36321, 97570, 50500, 32308, 14115, 64826, 67795, 92688, 74427, 31361, 50686, 26859, 15666, 97479, 40641, 35398, 68885, 82658, 37588, 19382, 39597, 57154, 52183, 7024, 16027, 79406, 98199, 75565, 48872, 37140, 91170, 18318, 24202, 7149, 28608, 59337, 71066, 68555, 47586, 81864, 84384, 73197, 58808, 8661, 67893, 27081, 38973, 25147, 30015, 43619, 98527, 67442, 59250, 31042, 23168, 12188, 68103, 44810, 85198, 64988, 38245, 39413, 9583, 89844, 70336, 56324, 64001, 79935, 64293, 40603, 58949, 7297, 42332)
Average QPS expected = 50396
Timestamp start: 1715523166996
Timestamp end: 1715524067912

#type       avg     std     min      p5     p10     p50     p67     p75     p80     p85     p90     p95     p99    p999   p9999      QPS   target
read      338.2   311.9   160.7   209.2   226.1   318.4   346.3   362.5   372.7   387.7   403.9   439.3   641.1  7186.8  8711.6   7252.0     7434
read      366.3   186.3   148.8   200.6   214.1   325.8   399.1   443.9   478.7   519.0   569.8   652.3   856.7  1198.1  4009.3  66885.3    67201
read      374.8   213.1   148.8   201.3   215.9   335.4   404.5   449.9   483.6   524.2   576.8   667.1   899.3  1633.9 10352.2  85860.0    85927
read      357.7   234.9   148.8   196.6   210.1   320.7   388.5   430.2   461.8   499.1   545.1   615.4   763.4  1847.0  7883.9  63602.7    63953
read      367.1   297.2   148.8   197.6   210.9   328.4   407.3   452.0   482.1   514.7   552.4   616.3   759.2  2210.4 11304.2  31595.3    31595
read      367.7   193.1   148.8   203.3   217.9   335.7   401.7   439.9   469.0   504.7   550.0   626.6   803.3  1874.0  4724.2  87609.3    87879
read      340.9   511.3   148.8   202.9   217.7   310.7   337.9   352.3   363.1   373.9   392.6   422.2   595.8  8792.6 18462.7   7324.7     7287
read      357.3   161.0   148.8   197.4   211.3   325.9   389.8   429.5   461.6   499.8   547.3   621.1   779.6  1340.9  3998.6  61406.7    62295
read      327.7   508.5   160.7   205.9   222.6   305.1   330.5   343.9   354.8   367.0   383.4   410.4   506.5  7986.6 18291.6   6506.0     6561
read      356.1   267.8   160.7   196.9   210.0   328.5   402.0   438.1   461.2   486.0   513.5   555.0   677.8  3688.2 11787.3  22586.0    22532
read      377.3   290.9   148.8   197.4   210.9   328.2   397.1   439.8   471.7   512.8   566.3   654.6  1228.2  3035.4  9720.4  60692.7    60653
read      387.3   307.5   148.8   199.3   212.8   335.8   409.2   456.9   492.5   534.4   587.1   677.3  1162.6  4607.5  7572.0  58813.3    59076
read      369.4   210.8   148.8   198.2   211.8   327.3   399.6   444.7   478.1   518.9   571.7   647.9   869.8  2029.5  8131.1  60178.7    60154
read      375.6   299.5   148.8   197.8   210.8   339.4   419.5   458.8   484.8   513.2   548.9   610.7   926.5  1984.5 12720.6  22720.0    22964
read      347.6   344.3   160.7   200.4   216.8   328.6   363.5   382.6   396.1   412.0   431.9   470.4   658.1  5088.7  8067.4   8254.7     8172
read      368.6   201.5   148.8   195.5   209.3   332.6   409.5   454.0   483.5   515.2   553.5   618.3   974.5  1667.7  4343.2  27762.0    27652
read      379.8   206.6   148.8   196.8   211.0   342.3   416.4   461.9   495.3   532.8   579.2   654.4   993.7  1848.1  7818.7  37297.3    37594
read      375.8   257.2   160.7   198.1   211.4   335.3   416.8   460.9   489.1   518.6   552.4   618.2   978.4  2962.0  8425.5  24537.3    24367
read      382.3   251.0   148.8   196.8   210.9   335.6   414.4   462.5   495.6   533.5   579.3   645.4  1192.7  3004.6  7887.1  33934.0    33771
read      387.1   344.1   148.8   203.9   218.6   340.9   407.3   450.4   483.8   524.4   576.0   659.9   971.6  3842.4 10030.2  85066.0    84944
read      368.3   274.3   148.8   199.1   213.2   328.1   392.5   432.4   464.7   502.3   549.4   631.6   855.9  4138.7  8145.3  86037.3    85666
read      372.4   200.5   148.8   198.4   211.8   336.5   410.9   455.9   489.4   528.0   576.4   651.3   817.7  1553.8  6085.0  51906.0    51918
read      382.7   252.1   148.8   198.3   211.8   341.3   418.5   464.1   498.2   536.0   582.8   660.1  1036.1  2352.3  8772.1  34266.0    34406
read      382.3   311.1   148.8   197.0   210.9   339.8   422.7   468.0   500.0   534.8   577.2   638.4   964.3  3038.5 12360.5  28812.7    28664
read      388.8   235.0   148.8   198.7   213.1   343.4   424.0   469.7   504.9   544.3   593.1   677.1  1194.7  2114.1  7577.6  38173.3    38289
read      365.9   289.3   148.8   196.6   209.6   334.5   412.2   449.1   471.1   497.1   529.8   583.7   886.2  2857.2 11337.3  20704.7    20658
read      347.6   182.1   148.8   196.0   208.9   336.0   392.5   418.6   435.7   456.2   480.5   522.6   727.8  1674.1  9114.2  13858.7    13840
read      370.2   253.6   148.8   201.6   215.7   328.8   391.7   431.2   462.0   499.6   549.9   639.0   968.8  3050.9  6464.3  93208.7    93419
read      362.8   187.6   148.8   203.8   218.9   331.5   391.6   430.1   460.6   497.4   545.8   621.6   801.1  1389.1  5172.1  98600.7    98284
read      492.0  4173.4   148.8   205.2   221.0   362.4   440.5   487.7   523.9   571.4   637.1   754.6   981.3  4830.8 218444.1  71190.0    71313
read      384.2   263.6   148.8   198.5   212.7   340.4   417.4   462.9   496.9   537.4   587.4   670.8  1089.1  2244.7  7862.1  41986.0    42089
read      390.9   256.9   148.8   196.8   211.0   336.4   416.0   462.7   497.9   540.4   594.8   689.2  1419.7  2520.8  8145.1  46424.0    46458
read      377.5   260.8   148.8   196.3   209.6   329.3   416.6   466.9   499.9   534.5   577.3   646.2  1020.5  1588.1  9949.9  30614.7    30755
read      397.8   466.2   148.8   197.7   211.4   336.7   417.7   463.5   497.5   538.5   590.8   677.9  1308.3  4919.9 24469.7  42738.7    42889
read      399.4   409.0   148.8   206.2   222.6   349.3   414.5   455.7   486.6   524.6   576.8   669.4  1249.4  4981.8 13691.2  93323.3    93552
read      380.5   232.2   148.8   200.1   214.1   341.2   413.3   455.1   486.6   524.7   575.8   662.0  1043.1  1932.6  7622.1  65717.3    65694
read      377.1   258.4   148.8   196.3   209.6   326.1   410.5   459.9   491.7   526.5   569.3   639.0  1056.1  3648.0  8631.0  29786.0    29574
read      371.2   242.1   148.8   198.9   212.9   332.8   399.9   442.7   476.7   517.6   567.1   639.4   873.0  2209.3 10864.9  51746.0    51355
read      370.4   212.5   148.8   202.7   216.2   336.2   405.1   447.8   480.2   518.1   566.4   641.5   836.7  1383.0  6687.7  67488.0    67361
read      347.4   245.4   148.8   199.7   211.9   334.6   394.3   421.3   438.2   457.8   480.8   515.2   615.7  1649.6  8470.2  16498.0    16287
read      364.7   217.0   148.8   200.3   214.3   328.4   391.5   429.7   460.0   497.1   544.9   624.1   877.3  2666.1  7779.0  81298.0    81508
read      369.9   465.3   148.8   198.3   212.4   324.4   386.6   424.1   454.1   492.5   541.5   620.3   892.9  3961.8 14651.2  87416.0    87619
read      417.2   208.1   148.8   215.9   235.1   375.7   447.3   491.8   527.0   574.9   646.0   781.0  1014.7  1735.7  6529.3  99120.7    99068
read      381.2   215.7   148.8   203.9   218.7   347.5   421.3   465.6   499.5   536.7   583.9   663.4   839.1  1271.5  9016.7  51186.7    51267
read      357.7   360.4   160.7   204.1   217.5   343.2   389.1   410.9   426.1   442.9   463.9   498.7   690.7  4336.1 14199.9  11834.7    11822
read      398.0   249.7   148.8   209.8   226.8   356.3   424.2   467.4   500.6   541.7   600.7   712.3  1008.4  2226.5  8641.6  97320.0    97494
read      356.6   184.3   148.8   204.7   219.1   330.2   388.9   422.6   448.5   480.3   522.1   587.4   745.0  1397.7  8499.1  97351.3    97350
read      368.2   336.8   148.8   200.4   214.1   332.9   399.0   438.2   468.3   505.3   550.3   618.0   781.7  3799.3 10054.6  55074.7    55460
read      354.8   155.0   148.8   202.3   215.7   326.5   390.1   426.6   454.3   487.4   530.2   594.4   746.0  1228.3  4185.9  85962.0    85984
read      369.8   170.2   148.8   203.2   217.6   336.9   404.9   446.8   477.5   515.0   564.0   639.6   821.7  1319.6  5437.0  81663.3    82043
read      373.8   182.6   148.8   203.4   217.4   341.0   412.1   456.3   488.4   525.2   570.7   639.6   823.1  1316.6  5141.8  53126.7    52873
read      354.1   310.7   160.7   201.0   213.6   345.0   393.4   417.1   432.8   451.4   471.0   505.4   591.5  4768.3 12844.4  13831.3    13911
read      381.8   257.2   148.8   204.0   218.5   345.1   418.8   462.1   494.8   532.7   580.3   656.5   852.5  1466.5 10663.3  49982.7    49984
read      353.1   466.4   160.7   205.0   219.6   330.7   367.3   385.7   397.6   411.9   429.3   458.1   540.4  7993.4 18429.1   9268.0     9274
read      357.2   160.3   160.7   199.3   211.8   329.0   405.0   446.0   473.1   503.3   538.1   588.4   704.9  1070.4  5506.8  27196.0    27187
read      352.7   203.0   160.7   200.4   212.5   334.5   404.2   436.0   455.4   475.5   500.7   538.2   630.2  2485.5  8279.5  18563.3    18735
read      363.1   208.5   148.8   202.7   217.5   332.2   397.2   436.1   466.3   501.4   545.5   617.1   773.2  1133.7 11999.1  86109.3    86505
read      383.9   202.5   148.8   212.1   228.4   354.1   421.0   460.3   489.8   525.4   573.6   649.7   821.7  1266.8  7547.1  92853.3    93039
read      378.1   172.4   148.8   206.0   221.2   346.2   417.3   459.1   490.3   527.6   575.8   650.3   814.8  1303.4  4009.7  76242.7    75999
read      369.3   254.6   148.8   200.3   213.6   332.5   408.9   453.9   484.5   517.0   555.9   614.4   773.0  2280.2  7615.5  32457.3    32324
read      371.2   187.5   148.8   203.4   217.8   336.3   403.1   445.0   476.1   512.9   563.3   646.9   868.6  1371.5  5279.7  84218.7    84255
read      362.5   161.0   148.8   203.0   217.2   333.4   397.5   436.2   466.3   502.0   546.1   617.7   777.5  1322.0  4023.1  81917.3    81759
read      372.7   242.0   148.8   201.2   215.3   338.5   413.1   456.9   487.6   521.5   561.5   625.6   772.9  1934.5 10415.6  37356.0    37291
read      376.1   223.4   148.8   203.0   216.5   341.8   414.5   458.0   491.0   529.3   576.7   649.8   832.8  1302.8  8454.6  53953.3    53818
read      370.2   309.5   148.8   199.0   212.6   331.2   411.6   457.8   488.8   521.6   558.5   616.7   759.0  2287.5 15757.9  30337.3    30297
read      376.7   325.5   148.8   199.8   213.3   335.6   416.5   461.5   491.6   524.1   562.9   623.1   782.2  3485.6 12640.0  31531.3    31569
read      371.9   239.7   148.8   200.5   213.7   336.7   411.1   454.8   486.3   522.2   566.2   631.3   798.4  1693.9  9558.8  38853.3    38927
read      342.0   398.0   160.7   202.5   215.2   328.9   369.7   389.6   402.1   418.2   435.1   466.9   555.0  3910.9 18551.2  10710.7    10652
read      370.6   215.1   148.8   206.2   221.8   339.3   400.2   438.4   467.2   502.0   549.3   630.3   839.7  1468.3  8362.7  97315.3    98119
read      383.3   191.9   148.8   203.9   217.8   350.4   425.1   467.3   499.1   536.2   585.2   665.8   863.7  1611.9  8426.0  48250.7    48176
read      387.3   252.4   160.7   201.4   215.0   345.6   424.3   469.8   503.8   541.6   589.8   671.0   974.9  2447.4 10083.6  34820.0    34929
read      394.1   251.4   148.8   204.6   219.7   352.6   430.4   476.0   509.9   548.6   601.9   685.2   937.1  2674.5  7856.7  69370.0    69735
read      375.6   232.8   148.8   200.2   212.9   345.4   424.6   462.1   486.8   513.7   548.6   612.8   876.9  3176.9  8042.4  20820.7    20753
read      410.2   357.0   148.8   208.8   225.5   362.1   435.7   478.6   510.4   549.9   606.0   697.0  1062.7  4225.3 11178.7  84285.3    84642
read      396.8   234.4   148.8   202.6   217.0   359.3   435.1   480.6   513.1   551.3   602.3   685.8  1082.0  2272.2  8027.5  42470.0    42333
read      396.0   250.7   148.8   204.4   219.5   357.2   431.7   474.5   507.4   545.8   599.0   686.0   972.9  2831.5  7714.4  61515.3    61587
read      377.3   190.8   148.8   204.9   219.9   343.9   416.1   457.8   489.1   526.2   575.3   650.3   804.5  1703.4  7047.7  78336.7    77998
read      439.3   187.3   160.7   227.0   251.2   403.5   481.3   529.9   566.8   611.8   672.5   769.5   966.0  1526.3  4043.5  97678.0    97625
read      374.2   338.5   160.7   199.4   212.3   334.0   413.5   455.9   483.7   512.7   548.3   604.3   895.7  3845.9 16825.4  23823.3    23781
read      403.2   348.6   148.8   205.0   220.2   356.1   435.4   481.7   515.8   557.5   615.1   709.9  1147.6  2261.3 11068.0  66838.0    66723
read      382.5   347.4   160.7   199.2   212.7   336.6   417.3   463.6   495.9   532.3   577.9   648.4  1015.6  2459.9 14344.2  30972.7    31016
read      394.7   218.9   148.8   204.0   218.9   354.2   433.1   476.7   508.8   548.0   601.3   688.8  1081.9  2216.3  6435.8  47372.0    47394
read      407.5   226.0   160.7   215.7   234.9   373.1   444.4   487.0   517.9   557.6   613.0   704.5   923.4  1948.9  8228.3  95434.0    95335
read      380.7  1124.7   160.7   208.3   228.6   298.8   320.4   334.7   343.9   357.2   372.7   407.7  1695.1 27963.5 32050.9   5238.7     5252
read      404.4   271.4   148.8   205.0   220.4   355.7   436.0   484.5   519.1   560.7   617.3   712.0  1259.2  2656.4 10678.4  65172.7    65908
read      357.5   273.9   148.8   196.9   209.3   339.0   405.6   435.3   456.1   478.7   505.9   551.2   767.6  2003.1  5925.8  16746.0    16889
read      388.3   319.3   148.8   197.9   211.8   341.1   418.5   465.7   500.8   540.1   588.5   670.8  1142.9  3818.2 11558.4  43015.3    42912
read      433.0   308.0   160.7   220.6   242.0   389.4   463.7   509.3   545.7   593.0   659.6   771.6  1009.3  2629.9  7818.9  99793.3    99898
read      374.5   202.3   148.8   198.9   212.3   337.6   418.4   464.1   494.4   526.9   566.7   628.7   919.6  1875.5  4764.4  26399.3    26385
read      375.9   237.8   160.7   201.6   214.2   342.2   422.9   464.7   492.3   522.5   558.0   619.1   900.7  1903.4 10500.8  22638.0    22616
read      410.9   433.9   148.8   205.2   220.3   361.3   441.6   486.6   519.2   558.8   614.5   712.0  1154.3  4658.4 21163.0  50620.7    50605
read      411.8   213.6   148.8   216.4   234.5   374.3   449.9   495.2   529.6   571.9   627.7   714.4   926.2  2214.9  5693.4  90450.0    90283
read      375.6   258.3   148.8   198.5   211.7   330.8   416.0   461.0   490.9   523.2   561.8   626.5  1020.7  1947.6  9897.4  26242.7    26273
read      392.4   221.5   148.8   203.9   218.6   355.3   432.3   478.2   512.7   552.0   602.1   681.5   929.4  1707.0  8743.1  48598.0    48521
read      389.0   269.5   148.8   200.6   214.1   344.2   426.5   475.6   508.7   546.5   594.4   680.5  1025.3  2161.6 12384.5  34070.7    34058
read      389.1   221.1   148.8   206.4   222.1   351.5   426.1   470.7   503.5   542.9   592.4   671.1   867.1  2031.6  8723.8  75375.3    75648
read      378.4   375.7   160.7   198.3   211.5   350.5   423.0   459.2   483.3   508.8   543.4   598.5   878.1  4205.9 15706.7  19567.3    19482
read      366.1   449.1   160.7   197.6   209.8   343.0   399.3   427.3   446.5   467.2   496.0   544.9   833.6  4440.6 21079.7  15251.3    15054
read      404.1   237.0   148.8   207.5   223.4   359.8   437.8   484.8   518.7   560.0   616.4   712.6  1094.0  2723.3  5071.0  75370.7    75754
read      325.0   483.0   173.5   212.3   233.0   300.0   322.5   337.4   346.8   361.9   378.9   409.7   557.9  6505.6 24321.7   5218.7     5187
read      381.3   509.5   160.7   199.3   211.0   343.4   412.3   445.2   467.1   492.6   524.6   581.6   979.4  7098.6 24762.6  17712.0    17656
read      405.3   429.2   148.8   211.8   229.4   359.9   427.9   469.6   501.8   540.6   591.0   673.1   941.5  6436.0 10793.1  96102.0    96343
read      393.3   273.8   160.7   202.7   216.3   349.2   427.5   474.6   509.0   549.6   604.2   683.1  1100.7  2338.0 11182.4  36714.7    36665
read      383.0   238.3   148.8   205.5   220.8   346.1   415.1   456.1   486.6   523.4   572.3   652.5   913.8  2502.0  7005.0  85375.3    85269
read      380.4   213.4   148.8   199.5   213.4   340.9   420.9   466.9   500.0   537.4   584.6   659.9   962.4  1543.6  8221.7  31642.7    31525
read      388.9   261.0   148.8   202.8   217.0   349.3   423.3   464.5   495.6   533.8   585.2   670.2  1017.6  2984.9  8770.5  61827.3    61798
read      376.2   529.3   148.8   200.0   213.2   349.6   397.5   421.6   437.4   459.1   486.9   536.6   798.1  6900.0 30319.6  12201.3    12253
read      374.6   225.4   160.7   198.3   211.6   337.9   419.4   463.7   493.3   525.3   563.6   626.7   920.4  1598.0  8204.5  25998.0    25710
read      405.3   294.8   148.8   209.0   225.8   364.7   441.3   485.7   517.6   556.4   613.9   702.9   959.1  3577.1  8480.2  79683.3    79937
read      325.9   325.7   160.7   203.6   218.8   313.9   343.2   360.5   372.0   386.7   402.5   432.5   520.7  1754.1 18852.9   7258.0     7271
read      388.0   257.9   148.8   207.0   223.0   348.1   419.3   461.5   492.4   529.7   580.2   659.3   897.6  2964.5  7565.3  85381.3    85861
read      406.6   206.1   160.7   216.2   234.6   376.3   446.7   489.6   521.6   560.0   612.5   692.5   870.9  1653.5  7212.8  91589.3    91467
read      378.3   175.7   148.8   203.2   217.8   344.8   417.3   459.2   489.8   526.4   574.6   649.1   870.8  1876.7  4134.8  72040.0    72217
read      390.9   280.5   148.8   202.3   215.7   347.6   427.6   474.9   508.0   545.2   591.6   671.3  1046.9  2714.2 11586.3  31220.7    31080
read      381.3   220.9   148.8   202.8   217.2   342.6   412.9   454.8   486.2   524.7   576.3   659.4   969.4  2257.5  7956.5  76764.0    76878
read      370.4   181.8   160.7   205.3   220.2   341.6   408.5   448.3   477.2   511.2   555.0   627.5   771.3  1313.6  6170.5  84048.7    84584
read      355.4   255.6   160.7   198.5   210.9   338.1   388.3   413.2   429.9   449.6   471.8   512.5   803.6  4205.0  8835.2  12482.7    12492
read      389.2   221.3   148.8   202.6   216.5   350.8   425.9   470.7   505.1   545.8   598.9   680.9   967.2  1968.2  7987.8  56739.3    57106
read      444.1   274.1   160.7   220.6   242.1   398.8   479.8   530.7   571.9   626.0   700.1   810.9  1030.2  1865.8 10176.6  96014.0    96245
read      322.9   166.8   160.7   206.1   224.1   312.9   340.9   357.1   368.4   382.5   400.4   433.5   589.5  1739.8  5973.7   6798.7     6791
read      394.3   366.3   148.8   207.0   223.7   348.9   418.8   461.7   493.8   532.6   584.3   669.5   931.8  3730.5 12711.5  89964.7    90728
read      336.1   487.1   160.7   209.5   229.5   298.4   321.8   335.6   344.3   357.8   373.4   409.9   753.0  8504.0 12730.2   5172.7     5151
read      391.5   290.1   148.8   205.3   221.1   349.1   419.5   461.4   492.9   531.4   583.1   669.9  1025.2  3136.7  6842.0  82102.7    82969
read      400.4   318.5   160.7   202.9   217.3   355.5   432.8   478.2   511.5   551.8   608.7   701.4  1171.3  2846.5  9212.7  42638.7    42635
read      420.1   349.8   160.7   220.2   240.3   378.6   447.3   490.8   523.9   564.6   619.5   705.9   941.2  4514.1 11979.6  99141.3    99337
read      392.4   225.6   160.7   212.7   230.0   358.5   426.3   466.8   498.1   536.5   587.4   673.0   873.1  1735.2  7880.4  95249.3    95192
read      394.1   239.4   148.8   206.3   221.5   355.1   431.7   475.5   508.5   548.0   601.3   688.4   927.6  2008.0  8527.1  69499.3    69200
read      387.0   185.9   148.8   205.3   219.9   357.8   431.9   473.7   505.2   542.5   591.7   669.1   812.5  1460.8  6242.5  49711.3    49459
read      373.0   214.1   148.8   197.8   211.3   330.2   412.3   460.9   493.3   527.4   567.9   632.8   994.4  1576.8  8007.7  29574.7    29055
read      396.2   240.0   160.7   204.3   219.3   352.0   428.7   473.5   507.0   546.7   604.1   701.5  1141.5  2313.9  6663.7  64054.0    64324
read      338.9   538.8   160.7   207.7   227.2   304.1   328.0   341.1   351.3   366.1   385.8   421.8   621.7 10168.9 20751.1   5628.7     5705
read      398.9   334.8   160.7   206.7   222.7   352.9   424.7   469.0   503.3   544.3   598.2   689.4  1011.1  3541.1 12717.3  84150.0    84816
read      377.9   325.7   160.7   197.9   211.1   335.1   416.6   458.0   485.2   514.6   550.1   616.4  1005.2  3389.2 11789.4  23832.0    23714
read      399.5   260.2   148.8   205.2   221.1   354.8   429.5   474.3   507.9   547.2   602.1   695.0  1066.2  3778.2  8422.0  73938.7    74116
read      366.9   211.7   148.8   199.0   211.6   340.1   416.0   452.5   476.5   503.2   538.4   592.1   842.8  1329.8  8133.2  20065.3    19948
read      390.2   239.0   148.8   200.3   214.4   346.5   429.8   476.1   508.2   549.7   602.9   686.7   966.5  2337.5  7959.6  43970.0    44213
read      383.4   258.5   160.7   203.2   215.7   355.9   430.2   466.6   491.1   517.8   549.7   614.9   914.0  3903.0  9364.8  19432.7    19454
read      333.9   336.9   160.7   204.3   221.0   320.4   352.2   369.7   382.0   395.4   414.2   452.8   583.0  3935.0 18863.4   7208.0     7190
read      406.6   222.3   148.8   206.2   221.7   367.1   447.2   492.6   526.6   568.1   624.1   715.4  1082.4  2351.0  7234.5  47206.7    47657
read      374.9   193.1   148.8   200.0   213.4   337.2   409.3   454.6   487.6   525.1   573.5   653.1   946.0  1616.1  7742.1  44229.3    44399
read      331.9   366.6   160.7   207.7   226.3   312.1   338.6   353.1   363.8   374.6   392.5   419.4   531.7  7875.7 12600.9   6582.7     6481
read      328.3   361.2   160.7   210.0   231.7   309.2   333.2   345.4   355.9   367.1   381.9   404.1   506.4  6800.4 13498.7   5812.0     5807
read      394.6   457.0   148.8   203.1   217.7   338.9   405.0   447.5   479.3   519.7   576.6   677.1  1081.8  8015.4 10028.0  82464.0    83137
read      335.3   282.5   160.7   201.7   214.7   323.3   359.5   378.0   390.3   402.7   422.7   452.2   535.0  7086.9  8555.6   9610.0     9580
read      426.8   293.0   148.8   200.4   214.7   343.6   432.4   489.9   534.6   593.1   699.2  1062.6  1443.7  1927.1  7657.2  37324.7    37385
read      513.4   497.0   148.8   202.7   217.8   366.4   503.4   604.5   735.2   884.3  1033.5  1231.3  1585.5  8460.1 12856.4  33747.3    33706
read      526.9   592.8   160.7   200.7   216.3   360.4   505.0   627.2   792.0   948.0  1085.0  1248.0  1638.2  6310.2 18888.9  35435.3    35204
read      422.0   327.2   148.8   206.4   222.1   360.7   442.9   492.8   530.4   577.2   641.7   782.1  1463.9  3841.7 11277.7  50769.3    50438
read      394.5   189.0   148.8   205.7   221.3   366.4   440.6   484.1   515.5   553.7   604.9   683.3   849.0  1696.7  5681.3  49062.7    48878
read      395.3   286.8   148.8   205.1   220.0   365.1   439.2   482.0   514.1   551.3   601.3   678.2   851.8  1625.9 15682.0  42776.0    42682
read      441.4   408.5   148.8   200.5   214.7   353.9   456.7   517.4   560.7   623.6   752.4   968.9  1315.3  6814.3 12871.9  27278.7    27416
read      530.7   689.0   148.8   208.3   226.2   383.8   479.9   541.1   592.3   677.3   865.5  1555.8  2442.4  8499.1 30815.7  64488.0    64424
read      419.2   442.3   160.7   206.6   222.4   363.5   444.5   489.9   523.0   564.6   623.0   721.9  1164.8  7684.6 12309.3  64226.0    64364
read      330.0   494.9   160.7   211.4   233.5   305.5   327.9   341.0   350.6   363.8   379.0   403.8   548.4  7604.8 32991.5   5469.3     5481
read      362.2   285.2   148.8   198.1   211.8   323.8   403.0   445.5   471.7   499.5   531.4   578.5   737.7  3225.9 13480.1  26052.0    26227
read      361.8   240.5   148.8   197.8   210.9   327.7   407.8   449.9   477.1   505.4   539.3   588.3   722.3  2072.6  7896.5  26747.3    26586
read      357.1   220.4   148.8   202.4   216.3   329.9   393.2   428.9   455.9   488.3   530.0   590.7   732.6  1281.9  9808.2  86186.7    86286
read      350.5   182.0   148.8   198.9   212.4   322.9   399.3   437.4   461.1   485.9   512.4   548.7   638.6  1286.1  6798.4  24634.0    24452
read      408.2   287.5   148.8   203.7   217.6   352.5   439.3   485.1   517.0   554.0   611.1   733.9  1340.0  3140.7  9066.7  26897.3    26832
read      483.2   462.1   148.8   201.5   216.3   358.4   474.6   550.6   621.4   756.1   934.8  1125.1  1511.1  5854.7 14083.7  30116.0    29795
read      410.5   439.1   148.8   202.6   217.1   348.6   424.5   471.3   506.7   549.8   610.4   720.2  1392.8  6721.3 16728.8  46286.7    46224
read      410.2   246.7   148.8   211.5   228.9   370.4   447.3   492.4   525.1   564.3   618.2   703.4  1026.5  2842.4  5575.4  84496.7    84587
read      397.8   247.5   160.7   205.6   221.2   362.3   442.8   486.8   519.2   558.8   612.5   693.1   870.3  1868.7  8552.6  63066.7    63389
read      382.5   225.6   148.8   202.9   217.3   351.0   423.1   466.0   498.7   537.5   585.6   656.7   819.5  1576.4 10054.7  46961.3    46953
read      371.4   227.0   148.8   205.4   220.7   339.0   406.1   446.1   473.7   507.6   553.3   624.8   801.1  1664.9  5025.8  90289.3    90536
read      370.6   270.1   148.8   195.9   209.0   349.2   401.5   428.0   448.3   473.3   517.2   594.7   804.5  3999.1  9583.9  12540.0    12508
read      413.3   406.7   148.8   199.4   213.8   338.7   417.6   469.8   511.4   559.7   629.5   875.1  1377.4  6167.4 10476.4  38184.0    38491
read      409.5   219.2   148.8   217.4   236.5   375.2   445.2   486.9   517.2   554.2   606.3   692.0   954.3  1972.8  9527.1  97347.3    97806
read      378.5   488.3   160.7   199.4   212.9   344.1   394.9   421.3   439.6   463.7   498.3   570.0   861.1  6495.8 28129.8  11866.0    11813
read      418.8   294.0   148.8   201.3   215.6   347.8   431.9   487.8   528.9   580.1   660.5   919.4  1431.7  2026.9  8824.5  39675.3    39665
read      378.8   218.4   148.8   202.2   216.5   344.6   415.8   458.6   490.9   529.7   578.5   648.2   825.2  1833.9  8130.1  53634.7    53571
read      374.0   171.6   148.8   202.7   216.6   342.5   412.0   453.5   484.4   521.4   569.6   642.6   823.1  1596.7  4237.1  63280.0    63215
read      383.2   273.6   148.8   203.9   218.9   344.8   416.1   457.4   488.6   526.2   574.8   652.5   869.3  3105.8 10110.2  78852.7    78767
read      382.2   509.7   160.7   201.5   217.0   342.8   389.2   416.3   436.8   465.5   505.4   569.7   831.2  8354.2 18368.0   8672.7     8615
read      409.3   251.0   148.8   206.1   221.9   355.2   434.0   480.7   515.0   558.5   621.2   735.9  1492.5  2689.0  5506.8  67726.7    67903
read      407.1   376.1   160.7   196.5   209.8   373.7   443.3   481.2   508.4   556.3   630.0   733.3   930.4  4427.8  8091.9  16467.3    16398
read      420.8   391.4   148.8   203.6   219.1   354.1   437.7   488.2   526.0   572.2   636.4   785.4  1527.7  3962.6 14708.3  53060.0    53434
read      380.1   202.8   148.8   201.6   215.6   346.7   420.0   464.8   498.6   537.7   584.5   653.2   839.0  1577.3  8066.0  38184.7    38068
read      375.7   291.3   160.7   204.0   220.3   346.6   396.4   425.3   448.4   478.2   518.9   577.6   768.4  4167.4  9245.3   9019.3     9130
read      419.3   379.5   148.8   204.2   219.5   356.9   433.2   479.4   514.4   558.2   620.0   744.3  1669.8  3639.2 10078.3  69138.0    69227
read      405.9   249.0   160.7   202.6   217.0   350.4   430.7   481.7   518.6   563.2   624.3   749.1  1301.7  2419.5  6806.9  37699.3    37496
read      385.5   205.8   148.8   206.9   222.9   350.1   424.8   466.3   497.2   534.0   582.4   662.8   853.8  2247.1  5191.6  83617.3    83925
read      395.5   821.1   160.7   204.7   219.9   362.2   436.2   479.0   509.6   548.4   598.4   675.5   834.1  1663.5 19532.3  50897.3    51037
read      447.4   401.5   148.8   202.3   216.9   355.6   457.7   522.6   574.4   650.2   823.4  1049.3  1342.6  2365.9  9475.1  33857.3    33690
read      397.7   316.0   148.8   203.1   217.6   351.3   429.1   473.8   507.6   547.6   601.6   689.6  1116.6  2871.9 11855.8  51330.0    51474
read      400.0   287.9   148.8   205.5   221.3   357.5   434.8   480.2   513.0   553.9   610.6   701.4   935.5  3469.7 10643.1  73659.3    73708
read      453.6   314.5   160.7   229.3   254.0   411.7   490.7   538.5   577.5   625.9   688.2   786.8  1000.1  3780.8  9849.5  98543.3    98618
read      380.4   186.5   148.8   205.0   220.3   346.8   419.3   461.0   491.0   527.4   577.0   651.6   856.7  1770.9  5421.2  81920.7    81977
read      397.2   471.5   148.8   208.0   224.8   352.8   422.3   464.0   495.7   532.9   582.0   666.6   910.4  2959.0 17389.6  91860.0    91567
read      388.1   298.0   148.8   204.0   218.8   353.9   425.9   467.7   499.3   537.5   586.7   663.1   839.5  3038.6  8084.1  48494.0    48236
read      398.2   221.6   148.8   214.6   232.3   366.9   436.4   477.1   508.5   545.6   595.4   676.0   861.5  1472.1  8620.4  91885.3    91726
read      379.8   204.9   148.8   203.6   217.9   351.6   421.1   461.6   492.5   528.9   575.9   643.6   823.5  1414.7  7748.9  52558.0    52458
read      394.2   254.8   148.8   204.7   219.8   354.3   430.4   475.4   507.4   546.0   598.3   683.6   949.4  2422.6  8037.6  70397.3    70467
read      385.1   283.9   148.8   201.7   216.3   341.1   410.5   452.5   484.5   523.6   575.4   660.1  1105.2  3014.5  8346.3  71212.0    71151
read      381.7   221.9   148.8   203.3   217.6   350.0   424.3   465.1   496.0   531.8   578.9   655.1   832.7  2067.3  7452.5  65002.7    65016
read      369.9   193.8   148.8   200.3   213.8   336.2   405.3   450.5   484.8   524.1   570.6   633.1   772.7  1420.8  7361.4  42088.7    42057
read      368.4   225.6   148.8   203.2   217.6   337.1   403.3   443.1   472.5   508.1   554.8   625.5   778.5  1558.4  8197.3  78810.0    78821
read      385.4   225.8   148.8   204.7   220.2   352.4   425.8   467.6   499.2   536.1   584.1   661.6   848.3  1934.0  9814.8  61025.3    60720
read      384.6   221.2   148.8   204.4   219.4   348.5   421.0   465.8   499.7   539.2   586.6   653.1   869.9  2761.7  8016.9  40091.3    39911
read      392.0   603.0   160.7   200.5   215.6   346.6   395.4   423.1   444.8   475.4   523.1   596.6   868.1  5528.1 31794.8  10703.3    10628
read      437.3   393.4   148.8   207.5   224.1   360.3   438.8   488.6   526.5   573.6   640.6   833.6  1874.1  3529.0 12909.3  73470.0    73736
read      371.0   582.4   160.7   206.3   223.2   333.7   373.2   396.9   415.4   438.1   471.3   523.2   718.8  8750.6 21961.5   7374.0     7334
read      469.9   490.7   160.7   222.3   243.8   397.0   481.2   531.8   570.5   619.4   689.9   855.5  1711.5  5754.2 22403.7  91313.3    91868
read      390.9   350.7   148.8   208.0   224.0   352.8   426.5   467.6   498.5   535.2   583.7   662.9   856.7  1988.2 10200.2  76578.0    76670
read      395.4   410.6   160.7   201.5   216.5   358.8   410.7   440.7   466.3   498.4   542.9   612.9  1001.9  5340.4 13344.8  10565.3    10405
read      421.6   312.2   148.8   198.0   212.1   355.3   459.4   510.2   547.5   602.6   722.4   906.0  1146.5  1688.3  8100.3  26020.7    26019
read      421.0   511.5   148.8   206.8   222.6   358.2   436.5   484.1   517.8   558.0   617.4   727.0  1413.6  7121.7 24753.3  55618.0    55530
read      405.5   240.3   148.8   201.2   215.8   342.5   433.7   488.5   527.5   574.6   639.7   838.0  1193.9  1974.7  7699.4  29726.0    29615
read      438.4   383.5   148.8   205.4   221.6   361.5   438.2   487.3   525.7   575.9   651.0   852.4  1809.3  5442.7  8112.5  65888.7    66057
read      368.0   158.9   148.8   201.1   214.7   341.0   407.9   448.5   477.9   514.1   561.6   630.1   764.0  1426.8  2261.0  55074.0    55281
read      426.8   372.6   148.8   198.5   211.8   364.8   464.4   514.9   555.9   625.4   739.6   888.7  1098.4  1679.5 13722.4  21462.7    21177
read      445.6   541.2   160.7   213.4   231.9   376.7   452.1   495.6   529.2   572.4   634.9   757.9  1811.6  5440.3 28236.7  88414.7    88239
read      395.5   231.3   148.8   206.2   221.9   357.9   436.7   481.0   512.9   551.9   605.6   688.8   920.9  1929.6  9316.3  70026.0    70227
read      426.3   366.6   148.8   199.3   213.1   361.3   457.8   506.7   542.4   591.2   696.5   879.1  1182.9  4554.1 14779.9  23406.0    23421
read      440.4   485.1   148.8   217.0   237.3   380.8   455.0   500.0   534.2   576.1   633.1   745.7  1639.9  6413.0 13819.0  96691.3    97104
read      353.2   344.2   160.7   201.5   218.4   323.3   358.2   379.6   396.7   420.3   455.4   514.2   944.5  7665.9 10107.6   6380.0     6235
read      407.2   309.7   160.7   202.9   218.0   350.9   427.6   473.5   508.6   550.2   613.0   731.2  1480.3  3321.8  8196.2  57662.7    58045
read      422.2   291.3   148.8   197.8   211.2   358.3   455.7   506.5   545.9   606.6   731.1   886.2  1143.1  3513.5 11195.5  23906.7    23729
read      424.2   342.6   148.8   202.3   215.9   351.5   436.0   489.0   528.5   579.5   654.5   901.6  1486.3  4306.1 12488.8  40826.7    40897
read      394.0   243.8   148.8   204.8   219.0   356.0   432.8   477.2   509.1   546.6   596.9   682.8   953.2  2479.1  7346.3  53473.3    53312
read      412.2   242.7   148.8   212.4   229.8   367.8   443.0   488.7   523.1   564.9   621.8   715.6  1165.2  2810.0  6393.7  86570.7    87262
read      383.3   258.8   148.8   205.0   220.3   347.9   420.8   462.2   492.7   529.2   577.6   655.0   859.4  1777.1  8494.0  81870.0    81836
read      370.3   178.3   148.8   206.9   222.6   341.8   406.8   444.2   470.6   503.8   547.6   618.3   786.4  1581.0  5019.0  92458.0    92274
read      394.3   204.8   148.8   205.2   220.5   365.3   439.2   482.5   514.7   551.0   603.6   684.0   845.8  1742.4  7671.8  47339.3    47252
read      389.3   232.5   148.8   205.6   220.7   352.1   428.8   472.0   503.1   540.0   590.4   671.5   896.9  2262.9  8274.9  75830.0    75747
read      394.6   221.6   148.8   206.9   223.1   357.2   432.0   475.0   506.1   543.6   593.1   677.9   925.6  2254.7  7998.2  81128.7    80994
read      413.0   481.4   148.8   212.7   231.1   365.2   431.9   473.2   505.9   545.9   601.2   700.4   965.6  5931.5 30553.8  98147.3    98224
read      361.4   335.6   160.7   201.0   218.5   334.8   378.3   402.2   422.2   445.6   476.2   529.0   750.1  4278.0 11894.2   7644.0     7737
read      404.1   323.6   148.8   200.7   215.1   344.4   430.1   482.1   519.7   563.3   622.4   735.5  1269.6  2475.4 14058.4  37388.7    37514
read      386.0   544.6   160.7   199.8   214.4   355.7   404.9   434.2   460.0   493.9   538.8   611.8   865.0  3961.0 36428.2  10733.3    10640
read      483.8   632.2   148.8   214.5   234.7   394.5   470.8   517.6   556.1   609.7   692.4   921.9  1923.0  8565.1 30274.6  90242.0    90490
read      403.8   221.9   148.8   210.7   228.9   366.5   439.8   482.4   512.8   550.5   607.3   701.7   965.7  2357.0  7858.2  91972.7    92514
read      389.3   286.7   148.8   207.9   224.4   351.4   420.5   461.9   492.8   530.2   579.8   659.1   876.0  3683.9  8762.7  88927.3    89245
read      389.2   219.6   148.8   205.3   220.6   353.2   430.1   473.5   505.4   543.0   591.3   674.2   879.0  2307.9  8337.4  73911.3    73823
read      382.1   226.2   148.8   202.4   216.6   349.6   421.3   463.9   495.9   534.5   583.3   654.3   833.2  1740.4  7534.5  46708.7    46565
read      422.0   387.4   148.8   198.4   211.5   365.1   453.4   499.2   533.8   583.1   693.2   865.5  1147.2  4113.0 20326.0  21491.3    21419
read      410.2   267.1   148.8   204.5   220.2   353.1   431.0   478.4   513.2   556.4   620.0   737.4  1571.8  2813.1  7134.2  66943.3    66915
read      444.3   336.2   160.7   203.9   218.8   362.1   455.0   518.4   566.9   631.3   776.9  1013.5  1367.7  3662.6 10052.5  31946.7    31667
read      403.9   312.8   148.8   203.6   219.0   349.7   426.1   470.2   504.7   545.9   605.4   712.4  1524.0  3266.5 12312.8  71880.0    72255
read      441.2   295.4   160.7   222.0   243.9   395.3   470.9   519.8   559.0   612.3   687.1   797.2  1007.0  2702.3 10016.9  99820.7    99535
read      356.7   472.9   160.7   199.1   213.5   330.0   371.9   393.4   408.4   430.3   462.3   524.4   750.3  5567.3 14625.7   9291.3     9226
read      403.1   273.7   148.8   202.5   216.6   347.4   420.3   463.1   495.3   534.9   589.6   708.4  1637.2  3117.3  5088.3  67382.0    67844
read      393.8   279.7   148.8   205.3   220.9   352.4   430.5   474.6   507.2   544.9   595.2   681.8   917.9  3133.1 10169.9  71564.7    71413
read      407.2   235.7   148.8   214.4   233.5   372.0   442.8   485.3   517.1   556.8   613.1   702.8   908.6  1940.8  7993.2  97330.7    97328
read      400.7   423.8   148.8   205.0   219.6   358.5   433.8   477.9   510.0   548.0   597.7   680.8   876.1  4075.8 18373.3  55324.7    55113
read      404.5   235.9   160.7   206.8   222.5   370.0   448.3   493.8   528.4   569.8   622.6   708.5   920.6  2091.4  8954.6  53769.3    53743
read      430.7   435.9   148.8   201.0   214.6   383.0   459.7   505.1   543.7   596.2   665.1   754.1  1018.8  9635.1 12786.1  15141.3    15253
read      420.2   333.0   148.8   212.5   230.9   370.2   443.3   487.5   521.2   563.0   621.2   726.1  1431.7  3855.7  9927.0  90504.7    90605
read      428.9   302.7   148.8   199.7   214.1   356.1   458.7   515.0   556.7   618.7   743.4   938.9  1215.8  1983.9  8511.7  25704.0    25767
read      467.7   472.6   148.8   219.3   240.1   397.3   477.8   533.1   578.2   636.6   720.8   848.9  1675.6  6974.7 13947.8  93358.7    93458
read      422.7   196.9   148.8   222.6   243.5   388.6   462.8   506.5   540.9   583.2   640.1   733.3   935.0  1820.3  4277.2  95792.7    95080
read      395.5   213.2   148.8   211.5   228.3   360.2   433.5   475.5   505.9   542.8   591.4   673.5   898.8  2120.6  7172.5  88386.7    88399
read      419.9   332.6   160.7   215.1   234.2   376.6   449.1   493.1   527.5   571.4   631.2   740.7  1008.1  3463.8 10077.9  95349.3    95681
read      430.1   324.5   148.8   201.1   215.1   349.9   440.7   500.3   543.4   603.4   724.1   997.0  1343.7  3375.9 10686.2  32957.3    33003
read      399.4   267.6   148.8   211.0   228.9   355.5   421.1   460.4   491.0   529.5   582.8   680.1  1164.1  3590.7  7569.7  98519.3    98809
read      376.4   182.6   148.8   203.1   217.5   344.5   416.5   457.4   487.1   522.5   570.1   643.1   848.8  1650.5  7023.6  64488.0    64610
read      388.8   217.6   148.8   204.7   220.0   358.6   433.2   476.5   507.8   545.1   592.4   671.2   836.9  1297.3  9571.7  51274.7    51183
read      417.1   263.5   148.8   199.2   213.0   369.7   458.6   504.4   541.1   593.0   688.3   826.2  1038.2  2437.4  7513.6  20270.7    20194
read      360.5   319.4   160.7   203.1   219.2   328.6   369.1   394.8   415.8   443.1   478.8   534.6   793.8  6381.2  9089.1   7667.3     7602
read      402.1   231.0   160.7   203.2   217.9   354.9   431.5   477.5   511.9   553.6   615.3   720.1  1379.8  2155.4  4400.9  46599.3    46677
read      352.9   468.3   148.8   203.9   224.8   308.5   338.3   357.3   372.0   392.1   419.8   469.5  1333.0  7770.8 17821.8   5481.3     5577
read      488.2  1054.5   148.8   197.5   211.5   363.7   466.1   520.7   568.1   652.9   784.9   941.3  1472.8 18664.0 36785.2  23050.7    23035
read      425.0   326.4   148.8   205.7   221.7   360.7   442.0   492.0   529.7   577.1   646.3   790.1  1580.8  2946.0  9041.3  57620.7    57516
read      398.5   310.8   148.8   204.7   219.7   357.6   436.1   481.5   514.5   555.5   610.7   696.4   907.3  3898.4  9685.0  63247.3    62851
read      380.4   203.8   148.8   201.2   215.1   347.1   420.8   465.8   499.0   537.5   584.7   651.8   806.9  1888.6  6517.4  38547.3    38431
read      458.5   555.9   148.8   199.5   213.9   367.4   477.6   540.6   592.0   685.8   816.9   969.5  1227.2  6781.6 35214.6  25827.3    25729
read      429.1   365.6   148.8   197.9   211.6   370.2   459.2   502.9   538.3   593.2   697.9   830.3  1085.1  5726.7  8059.6  19490.7    19443
read      404.4   299.0   148.8   197.5   211.2   363.9   444.9   485.8   515.3   556.7   632.5   767.6   973.7  3981.3 10017.8  19528.0    19461
read      409.7   278.3   160.7   203.1   217.7   354.1   431.8   480.0   517.0   562.7   623.7   745.4  1388.0  3173.1  9897.0  42292.7    42341
read      351.6   418.3   160.7   203.8   225.0   315.5   348.8   370.7   388.0   407.6   435.6   482.4   961.5  7646.2 20735.0   5694.0     5691
read      418.8   347.4   148.8   202.5   216.8   348.3   428.8   480.8   521.3   570.5   638.6   870.7  1442.9  3539.0 10867.2  40065.3    40223
read      435.9   355.8   148.8   198.0   212.3   348.0   454.4   515.2   560.7   631.7   782.4   992.6  1306.1  3862.2 13415.4  30110.0    29941
read      418.4   451.7   148.8   200.8   215.1   344.9   423.7   476.7   518.8   568.0   635.0   858.4  1425.0  4344.5 23614.3  41099.3    41162
read      386.8   260.0   148.8   204.1   219.3   353.5   426.5   469.3   502.0   539.8   589.4   662.0   833.8  1770.8 11837.6  43656.0    43863
read      414.3   415.0   148.8   198.5   212.1   363.2   448.0   492.2   526.1   574.8   677.6   826.9  1084.2  3595.8 25703.1  20403.3    20318
read      434.1   540.0   148.8   213.0   231.6   371.2   440.7   482.0   513.3   552.5   611.3   728.5  1680.8  8115.0 13853.6  93547.3    93421
read      397.3   226.5   160.7   206.3   221.5   366.5   443.2   486.2   518.2   555.8   608.2   684.7   861.9  1736.5  7956.1  48690.7    48578
read      383.4   195.9   148.8   201.8   216.3   348.0   424.2   469.1   502.0   539.9   588.6   666.0   907.7  1485.1  7498.0  40457.3    40595
read      419.9   345.8   160.7   198.1   212.1   378.0   458.8   502.4   538.2   589.0   674.3   793.7  1027.4  3994.7 12708.2  17673.3    17677
read      423.1   397.6   148.8   207.6   224.2   363.7   438.5   482.8   516.7   558.4   619.3   732.8  1591.3  5202.1  8690.2  78458.0    78948
read      385.1   538.5   148.8   198.5   213.6   343.5   389.8   416.4   436.7   466.2   506.2   571.1   788.2 10208.0 17100.8   9649.3     9703
read      362.3   236.3   160.7   197.4   212.0   340.7   389.3   416.1   435.5   462.8   501.6   567.1   743.3  4113.9  8498.6   9653.3     9686
read      355.1   311.2   160.7   201.5   217.8   329.3   368.0   391.4   408.2   431.2   466.2   530.7   713.3  3991.0 16044.7   7914.0     7968
read      380.4   287.7   160.7   201.3   214.0   348.1   410.5   441.5   461.7   485.8   516.6   582.3  1460.3  4338.9  9219.5  15931.3    15830
read      340.2   309.0   160.7   204.2   219.9   326.0   356.5   371.4   383.3   396.4   413.3   436.4   550.0  4384.7 10018.5   8233.3     8192
read      408.7   349.7   148.8   204.9   220.9   355.4   431.7   477.1   511.1   552.7   612.3   716.3  1255.1  4700.8  7856.6  79164.7    79410
read      419.4   361.9   160.7   209.1   225.7   370.0   450.6   497.9   532.6   576.3   636.6   738.3  1088.2  4260.3 11029.6  76523.3    76582
read      394.1   223.0   148.8   203.7   218.0   356.9   434.8   479.2   511.4   549.8   602.1   687.4   953.9  2096.8  9036.9  54632.7    54634
read      387.2   202.2   160.7   205.4   220.5   351.1   429.9   473.5   506.1   545.3   595.6   676.5   868.4  1531.7  7919.6  72138.0    72177
read      359.6   260.4   160.7   197.9   210.7   344.3   401.3   428.9   447.8   468.2   496.1   541.8   815.1  2804.7 10876.9  14928.7    15101
read      340.3   237.6   160.7   203.5   218.0   326.8   360.4   378.0   391.2   404.5   426.1   460.5   621.3  3843.3 10568.8   8199.3     8167
read      390.5   238.1   148.8   199.7   213.5   340.4   417.1   464.3   499.7   541.6   595.9   690.7  1292.7  2517.7  6274.7  43719.3    44130
read      389.8   302.4   148.8   202.4   217.0   349.6   422.8   467.3   502.1   542.1   593.0   675.8  1003.0  2006.9 11981.5  53020.7    53047
read      390.7   330.5   148.8   207.3   224.4   352.0   415.8   453.9   483.8   522.9   576.5   668.9   899.2  4257.2  8436.0  96960.7    97171
read      359.8   193.6   148.8   200.3   213.8   327.3   394.4   433.9   463.4   498.5   543.3   611.9   762.8  1395.9  8127.9  81370.7    81360
read      370.3   189.1   148.8   202.4   216.8   337.0   406.7   448.2   478.2   514.1   562.5   639.5   819.1  1447.2  7589.3  77070.0    77277
read      388.3   246.3   148.8   200.1   213.5   346.6   427.5   473.4   507.1   544.4   592.3   672.1  1052.9  2107.2 10073.5  38060.7    38294
read      347.1   195.6   160.7   200.5   213.4   339.2   383.9   406.0   421.7   437.8   463.4   506.1   661.7  1578.7  8360.9  11063.3    11165
read      375.7   251.2   148.8   199.1   212.7   333.2   398.6   439.3   471.4   510.7   566.5   655.8  1141.1  2493.9  7492.9  73850.7    74155
read      346.5   269.3   148.8   196.4   209.2   333.4   381.3   403.4   420.2   437.5   463.4   505.6   727.4  3796.9 14120.5  12309.3    12255
read      393.0   262.0   148.8   200.5   214.5   346.0   422.8   468.7   502.0   542.9   596.6   687.0  1227.3  2743.0  7948.8  52276.7    52404
read      364.5   215.6   160.7   199.8   212.3   346.4   412.6   444.9   465.6   490.4   521.4   576.5   808.2  1581.4 12099.6  17062.0    17057
read      338.7   488.6   160.7   204.8   224.3   305.1   329.9   343.8   355.4   368.8   388.7   426.4   952.0  5895.1 28110.5   5990.7     6005
read      411.5   447.9   148.8   204.5   220.3   350.7   422.3   466.2   501.3   544.0   602.2   708.2  1662.5  4675.8 15558.8  85139.3    85707
read      371.8   213.9   148.8   200.7   215.1   334.9   401.5   442.9   473.4   511.3   560.8   639.3   873.0  1895.2  7838.5  79900.0    79742
read      368.6   209.7   148.8   198.3   212.5   334.7   401.5   442.2   472.9   509.6   558.2   630.7   846.4  1668.0  7131.0  58173.3    58322
read      371.2   231.8   148.8   196.0   209.3   330.4   409.8   454.8   484.3   515.7   555.9   621.7  1003.2  3239.2 10265.0  26374.7    26212
read      395.7   261.8   148.8   202.2   217.1   349.9   427.1   472.0   505.3   544.8   601.6   691.8  1100.3  2902.3  7642.3  69814.7    69487
read      369.2   260.1   148.8   195.7   208.8   327.8   408.6   456.3   487.2   519.9   559.7   621.1   940.6  1592.2  9887.3  29629.3    29507
read      384.6   285.0   148.8   199.3   214.0   343.7   415.4   457.6   490.8   530.8   583.2   664.0  1054.5  2416.8 14653.1  51588.0    51412
read      379.3   201.9   148.8   202.3   216.6   345.5   418.6   461.4   492.6   529.6   577.9   652.5   833.2  2112.4  6949.2  67410.7    67374
read      388.6   249.6   148.8   202.0   216.5   353.0   428.1   470.0   502.4   540.1   588.8   671.7   928.8  2077.3  6147.4  55180.0    55125
read      367.2   196.9   148.8   199.6   213.9   336.1   402.8   443.8   476.7   515.5   564.0   632.0   761.1  1357.2  8031.6  52616.0    53048
read      349.7   205.2   148.8   196.6   209.4   339.1   389.1   413.3   429.2   448.1   469.9   518.2   687.2  3738.6  5891.4  12150.0    12192
read      379.3   265.7   148.8   196.9   210.5   336.6   414.0   459.4   491.6   529.2   576.8   648.7  1056.9  2345.1 10580.2  36029.3    36138
read      389.4   314.1   148.8   201.2   215.7   345.8   420.4   464.5   496.4   534.3   584.7   671.2  1023.4  2881.9 15426.4  60669.3    60799
read      377.1   261.2   148.8   195.9   209.9   336.7   414.1   459.1   491.7   529.4   576.5   647.1   977.6  1873.4  9379.1  36588.0    36368
read      381.9   278.7   148.8   195.2   208.8   333.3   413.0   459.8   494.5   534.0   582.5   662.1  1134.4  3804.1 10964.4  39526.0    39729
read      388.0   242.8   148.8   206.1   222.6   348.5   413.3   452.7   482.9   521.4   574.2   665.9  1016.4  2929.3  5920.9  96116.7    95693
read      379.2   224.0   148.8   197.3   211.5   338.1   412.3   457.6   490.8   529.9   579.6   657.8  1039.0  2150.0  8055.8  40921.3    40999
read      373.6   198.3   148.8   199.4   213.3   336.4   405.2   446.9   478.7   516.4   566.7   645.7   975.7  1990.2  7040.7  65168.7    65037
read      352.1   339.2   160.7   195.5   208.4   337.2   386.4   410.2   426.5   444.9   466.8   504.7   700.0  4006.1 17651.3  12579.3    12633
read      395.5   246.3   148.8   202.0   216.4   353.0   428.5   473.6   507.2   547.5   602.0   690.4  1202.9  2392.3 10064.8  49970.0    50117
read      389.1   316.3   148.8   203.0   217.1   348.8   424.2   468.0   501.3   540.6   592.5   678.1   914.0  2898.5  7343.3  62552.0    62765
read      377.1   555.9   160.7   198.4   211.4   344.0   394.8   420.0   436.6   458.0   486.3   546.3   871.1  6493.9 23386.2  12540.0    12379
read      391.8   247.5   148.8   202.4   216.8   347.1   421.0   466.0   501.2   542.6   596.1   679.1  1103.2  2821.8  6884.3  49044.0    49369
read      404.7   493.1   160.7   198.6   212.3   340.2   420.1   469.5   507.4   548.2   601.5   696.6  1338.5  6295.4 29183.8  38899.3    39111
read      386.3   240.7   148.8   201.1   215.0   345.0   418.0   462.8   497.5   538.5   591.2   673.1  1013.6  2041.6 10293.8  52670.0    52692
read      379.3   278.9   160.7   198.6   211.9   338.7   425.5   469.6   498.7   530.2   568.6   632.5   954.1  2859.9  8334.8  24664.0    24539
read      382.4   229.6   148.8   200.0   214.4   338.7   408.2   451.6   484.9   527.3   580.6   670.0  1153.8  2764.2  5510.7  61864.7    61591
read      387.2   205.0   148.8   202.8   217.5   356.9   430.9   473.3   506.5   544.6   593.8   670.3   847.2  1528.1  5371.5  48181.3    47864
read      360.0   242.7   148.8   195.7   208.2   340.4   406.9   437.9   458.6   481.7   509.4   560.5   780.4  2319.1  9684.7  16644.0    16479
read      388.6   283.6   148.8   202.3   217.3   345.6   419.7   463.0   494.7   532.6   583.8   672.6  1086.0  2279.4  7530.0  75662.0    75268
read      344.4   292.7   148.8   200.1   215.4   324.6   361.3   382.0   396.1   413.0   434.0   476.1   717.4  4503.6  9755.8   8729.3     8714
read      359.9   419.6   160.7   196.0   208.8   336.1   386.8   411.3   428.1   447.6   470.2   513.0   758.3  4317.1 27947.3  12956.7    13002
read      407.0   369.9   148.8   205.6   221.5   356.6   432.6   476.9   509.6   548.6   602.7   700.3  1289.8  4335.6 14029.2  77608.0    77147
read      377.8   249.9   148.8   199.1   213.4   338.1   405.2   450.0   484.8   524.5   572.6   640.6   965.5  2733.7 11274.5  43638.0    43518
read      377.4   219.4   148.8   196.7   209.9   336.8   419.9   465.3   496.7   530.8   573.5   646.9  1002.1  1993.9  7921.0  27235.3    27206
read      388.7   210.9   148.8   201.7   216.3   350.8   425.5   469.1   501.9   541.7   593.9   679.1   988.6  2210.9  4065.8  55907.3    55859
read      399.0   244.3   148.8   203.2   217.1   354.8   433.0   478.6   513.9   556.4   610.4   693.1  1168.0  3429.3  5966.0  37300.0    37448
read      388.0   329.2   148.8   196.6   211.1   336.2   411.9   459.8   495.7   537.6   589.9   676.1  1279.4  2862.3 10923.6  44866.0    45026
read      461.7   249.8   148.8   231.8   258.1   418.0   499.9   551.3   592.2   641.4   705.9   801.7  1060.2  3043.3  7217.1 100028.0    99974
read      369.5   174.7   148.8   200.9   214.9   338.1   407.0   447.3   477.8   515.8   564.6   638.0   800.3  1588.7  4867.7  64586.0    64632
read      402.0   383.5   148.8   204.8   219.8   359.5   432.6   475.8   507.7   546.6   597.9   682.4   918.6  5838.9 10946.0  48846.0    49061
read      389.0   197.7   148.8   206.7   222.9   352.1   426.4   469.0   500.1   536.9   586.5   668.9   889.2  2179.0  4566.7  80746.0    80418
read      370.9   531.2   160.7   196.9   209.7   343.3   407.8   436.6   456.6   478.2   504.7   548.9   840.1  4961.5 35633.2  16391.3    16471
read      386.0   215.9   148.8   199.1   212.8   340.8   423.4   469.3   503.2   541.4   591.0   677.2  1097.6  1837.7  7633.2  35710.0    35694
read      360.5   368.0   148.8   196.3   209.0   343.6   400.2   427.1   445.5   465.7   493.2   539.1   763.8  4229.8 13894.5  14038.0    13935
read      386.6   313.3   148.8   202.9   217.1   338.6   410.4   453.8   485.6   523.9   576.0   662.0  1053.7  4577.5  7446.5  79290.0    79838
read      371.6   193.9   148.8   200.3   214.3   338.6   404.5   446.5   477.8   516.4   564.5   632.8   809.3  2086.0  6332.8  48454.7    48842
read      366.8   287.3   160.7   197.5   210.2   343.4   413.2   446.0   466.8   491.2   521.4   577.2   823.5  3515.7 15467.5  17761.3    17708
read      384.7   358.5   148.8   197.5   210.8   340.0   420.2   465.7   498.1   534.4   579.7   652.3  1031.7  1935.9 13845.5  31343.3    31401
read      380.7   246.2   148.8   199.5   213.7   336.5   406.6   451.1   485.0   525.3   576.4   659.6  1124.5  2614.4  7793.7  61947.3    62091
read      367.2   188.9   148.8   204.4   219.1   335.5   400.0   437.2   466.2   501.1   544.0   614.7   801.9  1887.7  5803.0  87012.7    87121
read      363.6   172.0   148.8   202.5   216.2   332.9   398.4   436.9   466.4   501.2   546.0   618.9   784.5  1597.9  5029.9  81739.3    81929
read      395.0   263.2   148.8   202.7   217.0   349.6   425.2   471.4   506.7   546.5   598.9   689.6  1146.8  3708.8  8040.0  42193.3    42013
read      392.6   388.3   160.7   207.5   223.5   348.8   416.8   457.7   488.4   525.7   576.5   665.4   939.0  4583.6 15316.7  90548.7    90709
read      368.3   180.5   148.8   200.8   214.4   336.0   404.3   447.4   478.7   517.1   565.1   634.5   788.3  1628.5  5384.7  67539.3    67578
read      376.9   216.1   148.8   202.7   216.4   341.4   410.7   453.3   485.4   523.5   571.2   643.6   843.7  2148.3  7063.1  57967.3    58116
read      383.8   209.3   148.8   203.4   218.3   348.0   422.9   465.4   497.0   534.8   584.1   666.5   897.5  2004.5  5864.1  68910.0    68886
read      368.8   218.4   148.8   205.5   221.0   337.9   399.9   437.3   465.1   498.8   543.3   617.4   797.6  1795.7  7548.6  93196.7    93119
read      366.9   186.3   148.8   205.7   221.4   337.5   398.6   435.2   462.9   496.3   539.9   609.9   782.6  1836.9  5035.7  94860.7    95079
read      386.1   200.1   148.8   205.0   220.6   350.2   425.3   468.2   500.1   537.8   587.8   672.0   869.8  1808.0  7588.8  77678.0    77456
read      351.3   237.1   148.8   194.7   207.3   334.7   396.8   425.1   443.8   464.7   492.3   536.3   719.4  2680.5 10764.4  15843.3    15723
read      334.9   315.5   160.7   195.9   209.5   324.1   363.1   382.7   395.9   411.6   432.2   466.0   606.6  3802.0 16962.4   9788.0     9867
read      337.7   393.2   148.8   200.1   214.3   317.4   352.2   370.2   383.2   397.3   417.2   451.2   599.6  7613.8 13827.3   8238.0     8176
read      401.6   470.6   148.8   205.6   221.6   347.0   414.3   455.0   485.4   522.9   576.0   667.5  1230.0  6128.2 15699.0  89132.7    89745
read      362.9   620.4   148.8   195.9   209.5   327.1   371.8   393.3   407.6   426.4   451.3   496.2   806.3  8278.2 31193.3  11048.7    11058
read      388.3   312.3   148.8   203.3   218.2   345.0   413.9   455.4   485.9   522.8   572.6   658.4  1136.5  3838.4  7761.9  80856.0    81413
read      370.6   223.5   160.7   196.7   209.5   337.1   419.6   458.6   483.3   509.5   546.8   624.6   883.7  1829.9  8386.6  21600.7    21659
read      368.8   233.4   148.8   194.7   208.0   327.4   409.8   454.0   483.7   515.9   553.1   617.3   964.3  1975.1  8616.4  27120.0    27181
read      363.2   286.1   148.8   197.1   209.6   339.9   409.6   441.5   462.5   485.4   510.0   555.2   823.2  3055.4 16539.7  17239.3    17420
read      372.2   303.8   148.8   195.7   208.6   330.2   414.8   456.7   484.9   515.2   549.2   611.2   962.3  3053.0 13105.4  22998.0    23028
read      379.9   225.0   148.8   196.6   210.1   335.7   418.1   465.9   499.6   537.4   584.4   660.6  1051.7  2051.8  8128.5  33570.0    33694
read      386.2   268.7   148.8   198.5   212.2   341.1   423.7   469.5   502.4   539.2   585.0   663.8  1117.1  2027.0 11525.4  33055.3    32735
read      389.7   203.4   148.8   203.7   218.9   352.2   427.7   471.8   504.6   544.1   594.2   679.7   968.3  1998.1  4362.4  57625.3    57645
read      387.8   245.7   160.7   202.6   217.0   348.7   421.2   467.3   502.0   541.1   590.6   668.6   998.3  1990.2 10778.4  44793.3    45216
read      389.2   250.1   148.8   202.5   216.3   347.8   420.3   463.3   495.9   534.9   586.2   669.4  1064.2  3915.3  6484.7  57874.0    57659
read      392.6   237.2   148.8   206.9   223.1   354.9   426.8   468.2   499.3   536.9   587.2   675.2   960.7  2331.9  6875.1  85311.3    85443
read      352.0   374.4   160.7   195.5   208.1   336.2   390.3   415.7   432.1   452.1   475.0   515.5   702.6  3134.6 21935.1  14148.0    14390
read      372.0   257.4   148.8   196.2   209.4   323.1   404.5   453.7   486.8   521.9   563.3   633.6  1033.1  3295.7  9720.0  31345.3    31520
read      377.3   229.6   148.8   200.2   214.7   338.4   407.0   448.6   479.9   518.0   570.5   651.4   973.1  2359.3  8118.5  67122.7    67089
read      360.5   318.8   148.8   197.9   210.6   338.7   401.1   430.7   450.2   470.2   498.4   545.9   788.4  4118.8 13449.0  16560.0    16537
read      367.3   256.7   148.8   195.9   208.5   338.5   411.9   447.4   469.6   496.5   530.9   591.9   872.8  3266.7 11336.0  18755.3    18930
read      392.2   261.5   148.8   200.2   214.5   345.9   424.0   470.1   504.5   546.2   600.0   683.3  1112.1  2802.4  7985.7  46786.0    46784
read      372.9   201.0   148.8   206.3   222.3   343.0   407.0   446.4   474.6   508.2   553.5   627.6   805.7  1559.5  6332.3  92564.7    93102
read      400.3   324.3   148.8   208.0   225.0   356.3   426.1   465.5   495.5   532.8   584.9   683.1  1080.0  4110.2  9586.5  90068.7    89799
read      378.8   203.7   148.8   201.8   216.1   344.6   419.2   461.5   493.2   531.4   581.1   656.1   828.5  1628.3  7837.1  66743.3    66551
read      391.0   216.1   148.8   210.8   228.0   358.2   426.6   465.8   495.5   531.2   579.5   657.1   905.4  1924.9  5877.7  92972.0    93104
read      374.6   195.8   148.8   201.2   215.2   339.5   406.6   452.5   486.7   527.2   575.9   643.1   900.2  1712.4  6046.9  43977.3    43768
read      390.9   217.1   160.7   204.2   218.8   353.5   427.6   469.9   502.3   541.2   592.1   677.1  1059.6  1868.0  7680.9  53875.3    54006
read      383.0   183.4   148.8   202.9   217.2   348.0   422.5   464.8   497.1   536.9   588.5   672.5   893.3  1687.7  4260.3  64551.3    64618
read      372.9   205.2   148.8   204.6   219.8   341.2   407.4   447.4   477.4   512.8   558.3   632.1   821.5  1730.1  4986.6  85830.7    86482
read      388.8   294.2   148.8   205.2   220.6   348.8   423.4   466.0   497.8   535.1   583.4   664.0   906.9  2556.2 14254.2  77552.0    77459
read      385.4   208.2   148.8   203.1   217.9   350.3   425.3   469.8   501.9   539.7   587.3   666.1   853.0  2042.1  6660.3  61528.0    61365
read      376.2   169.9   148.8   202.3   216.8   347.7   415.8   456.2   487.8   526.2   574.8   646.2   805.1  1603.1  5156.2  52892.7    52346
read      385.1   218.4   148.8   207.5   223.7   350.0   420.5   462.2   492.9   529.6   578.3   658.8   884.7  1724.5  8452.2  87180.0    87286
read      361.9   305.5   148.8   195.7   208.6   332.9   400.1   432.1   453.1   475.3   504.3   554.0   885.8  3897.0 16791.2  17331.3    17384
read      391.0   331.8   148.8   207.5   224.3   348.4   412.9   453.2   483.5   521.0   572.1   660.3  1038.6  2869.4 11906.4  97367.3    98165
read      375.4   205.8   148.8   202.2   215.9   341.2   413.7   457.5   489.6   527.4   574.8   644.7   816.9  1688.3  7603.5  63694.0    63330
read      334.8   552.2   160.7   209.4   228.8   303.7   328.3   342.9   354.3   367.6   386.5   423.0   576.3  8905.6 20686.6   5890.7     5866
read      378.0   221.5   148.8   196.6   210.3   335.6   414.4   461.4   495.7   534.0   580.6   652.8  1038.8  1885.9  8001.4  37333.3    37693
read      393.4   325.3   148.8   204.0   218.7   347.7   421.8   466.4   500.8   541.3   593.3   678.9  1029.9  4101.5  9307.1  75504.0    75360
read      375.8   211.5   148.8   197.3   211.2   334.0   410.2   458.0   491.9   529.0   575.0   649.9  1010.3  1984.9  5900.8  34563.3    34753
read      396.2   248.1   148.8   204.2   219.2   352.0   429.2   473.6   506.7   546.5   599.7   690.8  1161.5  2505.4  8816.2  59508.0    59823
read      381.1   216.6   148.8   204.1   218.7   345.1   416.6   457.6   488.0   524.9   574.1   649.2   866.0  2467.3  7985.7  68483.3    68266
read      390.5   239.7   160.7   202.6   216.6   351.0   427.0   472.5   506.6   545.2   593.3   676.9  1026.5  2005.5  8590.2  39478.0    39383
read      376.8   227.9   148.8   200.9   215.2   336.6   406.4   449.7   480.5   519.2   569.0   645.6   992.6  2065.7  5438.3  64928.0    65072
read      383.5   238.2   160.7   201.5   215.3   344.4   422.0   469.4   503.3   540.0   585.6   652.5   942.1  2313.6  8139.1  33334.7    33192
read      382.4   265.1   148.8   200.4   214.9   338.7   412.0   458.4   492.2   532.3   582.8   662.7  1017.4  3239.6  7048.3  51654.7    51847
read      379.2   215.4   148.8   203.5   217.3   345.0   415.1   456.4   488.1   526.8   576.6   653.2   869.7  1736.5  8726.5  62610.7    62362
read      381.7   285.5   148.8   205.9   221.6   345.3   412.5   453.9   484.5   521.4   570.9   649.1   873.4  2020.3  8380.1  84199.3    84073
read      380.8   197.3   160.7   205.6   221.1   345.8   418.3   461.3   493.8   532.3   581.7   658.9   858.2  1613.7  7614.0  64088.0    64213
read      390.4   255.1   160.7   202.5   216.7   345.2   432.5   480.7   510.4   545.6   589.2   665.8  1054.9  2823.5 12180.4  27164.0    27059
read      389.2   243.8   160.7   204.2   219.1   346.8   422.0   466.2   500.2   539.2   589.8   676.1  1082.4  2086.9  9349.2  54874.7    54703
read      380.4   154.1   160.7   211.9   229.3   353.8   416.9   454.9   483.5   517.4   562.5   634.1   803.4  1378.1  3139.8  98477.3    98366
read      385.7   267.8   160.7   201.6   215.4   342.4   426.5   475.4   506.2   541.3   585.0   659.0  1033.3  1566.3 14262.9  29584.0    29565
read      395.5   230.0   148.8   205.2   220.6   349.7   426.5   470.2   504.0   545.0   600.1   690.5  1178.9  3204.6  4564.9  74916.0    75000
read      388.7   309.7   160.7   204.4   218.9   352.5   426.3   468.3   500.3   538.3   586.7   668.7   864.6  2489.3  6436.3  62423.3    62235
read      376.6   204.5   148.8   203.1   217.1   344.8   412.4   455.1   486.6   523.3   568.8   636.9   818.8  2141.4  7319.0  47783.3    47788
read      378.1   233.5   148.8   202.5   216.5   342.7   412.9   453.3   484.0   521.0   569.1   645.3   858.8  2487.2  9585.2  68503.3    68928
read      388.9   307.0   148.8   199.0   213.3   344.6   423.0   470.2   504.8   543.5   592.1   670.2  1018.2  2590.4 10669.0  36427.3    36478
read      389.4   277.8   148.8   203.7   219.0   346.1   418.2   461.6   493.8   531.5   580.9   667.6  1145.8  2722.5  9718.7  76047.3    76067
read      381.7   228.2   148.8   200.8   215.1   342.1   413.5   458.1   491.9   531.5   581.2   657.4  1046.0  2151.3  8136.3  46886.7    47020
read      387.0   230.6   160.7   205.8   221.5   348.3   422.1   464.3   495.4   533.0   582.7   665.0   898.9  2291.5  8659.1  81393.3    81656
read      361.7   267.7   148.8   197.2   209.8   346.6   409.0   439.2   459.4   481.6   507.0   552.2   755.7  2838.7 10071.5  16520.0    16396
read      377.7   562.1   148.8   194.5   207.6   331.7   407.2   445.7   470.6   497.1   530.6   589.2  1050.1  5187.2 30967.4  21539.3    21661
read      398.1   282.0   148.8   202.1   216.6   354.0   430.2   472.9   504.8   544.2   598.6   686.1  1182.4  2991.2  9080.4  50166.0    50156
read      386.2   205.5   148.8   203.9   218.9   355.6   427.7   468.9   500.3   538.1   587.2   661.1   829.1  1835.6  7763.4  54108.7    54102
read      380.9   206.8   148.8   203.0   217.5   345.8   421.2   463.6   494.7   531.9   580.8   658.5   863.9  1799.4  7557.2  65274.0    65670
read      368.4   294.4   160.7   198.1   210.9   344.3   412.6   445.4   467.0   492.1   522.9   576.8   863.5  3808.3 12126.9  17661.3    17584
read      376.5   289.2   148.8   196.2   209.9   331.2   414.2   461.2   492.4   526.4   568.4   636.3   947.0  3403.3 10145.2  30450.7    30347
read      367.3   317.3   160.7   197.1   210.4   333.3   410.4   449.5   475.1   503.4   538.6   594.0   865.0  1734.6 16182.6  21453.3    21534
read      349.7   470.5   160.7   196.3   210.0   326.5   367.4   388.4   401.9   419.5   439.6   486.0   711.8  4154.1 23231.6  10160.0    10216
read      381.9   310.8   148.8   199.8   214.5   335.9   402.9   444.5   475.1   511.3   562.2   647.4  1147.6  3867.3  8434.2  80626.0    80544
read      379.9   200.2   160.7   201.6   215.5   344.7   415.5   458.7   491.7   530.5   580.3   656.5   963.7  1787.0  4529.3  45828.7    45508
read      369.1   277.5   148.8   196.3   209.4   333.4   412.2   451.0   475.4   502.2   538.1   599.4   945.3  3805.5 11854.9  21568.7    21591
read      350.2   179.7   148.8   195.9   208.5   334.5   397.0   426.1   445.2   466.1   494.3   541.8   759.1  1264.1  5839.4  15486.0    15435
read      370.4   497.5   148.8   197.4   209.9   337.2   396.1   423.6   442.0   463.6   491.1   538.7   836.5  7290.5 19599.7  14536.0    14502
read      360.3   287.6   160.7   196.1   208.7   341.4   404.6   433.9   454.0   475.5   503.7   550.9   784.8  3566.7 12224.3  16304.0    16369
read      381.9   270.3   148.8   196.8   210.6   335.6   411.0   458.3   492.7   532.5   583.1   668.6  1088.1  2812.3 10595.8  42187.3    42077
read      377.7   311.6   148.8   195.3   209.2   332.7   408.4   454.6   487.8   526.2   573.6   643.0  1034.2  2323.3 15216.3  38326.0    38334
read      354.0   320.0   148.8   194.5   206.8   330.6   397.1   427.4   447.2   468.1   495.1   539.3   776.4  3256.0 12823.9  17815.3    17694
read      382.1   342.5   148.8   200.0   214.3   335.1   403.9   445.6   477.0   515.1   564.1   643.6   997.9  4987.4 10210.9  74801.3    75056
read      381.2   174.6   148.8   202.4   216.6   349.3   421.8   464.4   496.4   534.3   583.4   661.1   877.7  1618.1  4065.3  53752.0    53845
read      353.4   252.9   160.7   195.4   207.9   342.0   392.1   415.8   431.7   451.6   475.3   528.6   775.1  3979.6  9500.0  13276.7    13319
read      377.5   302.9   148.8   199.5   213.7   331.8   401.4   442.5   471.9   508.5   559.1   641.5  1060.5  3690.6 10535.3  77490.0    77808
read      400.5   241.9   148.8   202.4   216.9   359.6   436.9   482.8   517.0   560.9   618.7   712.7  1099.7  1863.5  7758.1  44591.3    44423
read      375.9   254.0   148.8   197.1   210.4   331.7   415.0   458.8   487.8   519.3   556.2   624.5  1042.5  3223.8  7882.2  25683.3    25669
read      381.0   237.6   148.8   199.9   214.1   340.1   409.9   452.9   484.8   523.4   574.7   655.9  1060.4  2766.6  9637.0  66145.3    66463
read      400.4   518.4   160.7   198.4   212.6   342.9   420.3   467.4   501.7   539.0   585.7   666.9  1170.2  6636.9 28529.0  35106.7    35396
read      377.8   229.4   148.8   195.7   209.6   334.6   415.0   460.6   492.7   529.2   573.9   644.0  1093.1  2280.1  7979.3  33739.3    33885
read      350.6   295.1   148.8   197.6   210.4   333.4   382.6   405.3   421.9   439.1   463.1   503.4   712.8  6258.1  9668.4  11798.0    11712
read      395.4   245.7   148.8   202.3   216.9   350.5   427.6   473.2   507.9   547.8   602.5   689.2  1154.8  3097.7  7490.6  51570.7    51485
read      383.7   197.2   148.8   203.0   217.4   351.8   425.0   466.8   498.6   537.1   585.2   661.6   847.4  1854.8  7866.9  59354.0    59378
read      358.4   165.1   148.8   203.6   218.5   332.0   392.4   427.9   455.5   488.4   530.8   596.3   737.0  1419.9  5097.1  94453.3    94757
read      371.8   198.9   148.8   201.8   215.7   338.9   410.2   452.4   483.2   519.9   566.7   638.7   797.7  1448.8  8190.5  71756.7    71707
read      334.5   460.1   148.8   203.2   221.3   305.4   332.4   346.4   358.8   371.4   392.0   427.8   639.9  7688.6 22269.7   6161.3     6184
read      386.1   245.0   148.8   198.3   212.8   341.8   413.8   458.2   491.4   531.8   583.8   670.3  1253.2  2530.6  7410.9  51978.0    52631
read      397.6   296.0   148.8   200.1   213.5   345.1   424.5   470.7   503.5   540.2   590.6   685.3  1422.6  3898.6 10594.2  31147.3    31188
read      382.2   172.5   148.8   208.0   224.3   350.0   415.5   455.7   486.3   524.0   575.6   662.4   878.6  1540.5  3891.0  91976.7    92326
read      375.7   214.4   148.8   202.2   216.7   342.6   413.3   455.3   485.6   522.3   569.5   643.1   818.1  1804.6 10319.6  78375.3    78268
read      385.1   270.5   148.8   203.0   218.2   346.4   419.3   462.2   493.9   532.0   581.6   662.4   891.5  2342.7  7564.6  78430.7    78655
read      379.4   372.0   148.8   195.0   208.6   330.0   411.4   458.0   489.6   524.7   567.9   639.3  1015.6  4565.9 12465.2  29806.7    29798
read      444.8   341.8   148.8   219.7   241.2   394.9   470.8   517.8   554.6   603.3   671.2   782.0  1088.3  5462.3 12185.2  96004.0    96196
read      380.2   215.9   148.8   198.9   212.8   340.8   416.4   461.2   494.2   532.7   580.9   658.3   967.7  2101.2  6354.2  39288.7    39289
read      349.7   239.2   148.8   195.2   208.0   336.4   390.0   415.6   432.3   452.7   476.3   520.9   734.6  3714.8  8432.6  13992.0    13806
read      387.7   356.4   148.8   204.0   219.0   344.8   413.2   454.7   485.7   524.4   576.1   662.9  1006.5  2756.6 12511.8  86077.3    86543
read      375.6   194.6   148.8   201.2   214.8   343.9   415.3   457.3   488.1   524.3   571.9   644.4   812.6  2095.5  4937.6  66824.0    67095
read      351.3   289.9   160.7   196.0   208.3   335.4   395.6   423.1   441.0   461.1   487.0   530.2   720.0  1952.0 11710.2  15206.7    15164
read      369.6   314.9   148.8   196.9   209.9   332.9   414.6   453.4   479.0   506.1   540.0   597.5   915.9  2139.1 10874.5  21410.7    21544
read      441.8   362.1   148.8   215.3   234.7   394.2   479.7   529.5   566.5   613.8   677.2   772.6  1056.5  4810.4  8134.5  80257.3    80587
read      591.7   385.4   160.7   261.3   304.6   531.7   637.6   709.9   770.5   852.6   964.9  1111.7  1360.2  2198.3 12179.3  90794.7    90870
read      410.3   233.1   160.7   209.0   224.5   376.5   454.1   495.8   526.4   562.1   611.0   701.3  1084.2  2115.9  8297.3  18381.3    18274
read      406.8   402.0   148.8   202.2   216.0   343.3   425.2   474.1   506.6   544.4   595.0   695.3  1501.4  5277.6 10204.5  33758.7    33727
read      366.9   416.6   160.7   203.1   216.3   341.8   383.1   403.3   418.1   433.1   455.9   492.7   647.9  7740.1 13055.6  11530.0    11433
read      366.7   339.5   160.7   199.3   212.5   346.5   414.1   445.2   464.9   487.2   512.3   563.0   757.0  2743.0 15618.2  16940.0    17009
read      403.1   326.9   148.8   203.9   219.1   355.2   432.7   478.7   512.9   555.2   611.9   705.1  1226.1  2671.1  9938.3  61432.0    61531
read      393.5   284.5   148.8   205.6   220.9   349.4   420.8   462.1   493.6   531.3   582.1   672.8  1205.8  2749.8  8646.4  77678.7    77691
read      377.1   190.2   148.8   203.1   217.4   342.1   411.9   454.2   484.6   519.9   567.4   640.7   898.4  2032.4  3880.1  75132.0    75329
read      381.0   223.0   148.8   204.1   219.3   345.1   417.0   459.6   490.4   526.6   575.3   653.6   882.6  1832.1  7544.6  79816.0    79936
read      385.3   203.0   148.8   205.5   220.8   348.0   422.8   467.3   500.2   538.1   586.6   666.8   872.2  1764.4  7855.6  74884.7    74872
read      350.3   315.6   160.7   203.4   218.6   320.8   352.9   371.0   385.0   400.2   424.4   468.9  1372.4  4027.7 10764.0   7539.3     7464
read      358.7   325.1   160.7   198.2   211.4   340.3   390.4   414.3   430.5   450.4   473.9   525.1   710.8  5660.8 15174.8  12118.7    12219
read      380.5   314.8   160.7   198.0   210.9   339.0   414.5   450.0   472.5   499.9   536.6   622.7  1072.2  4315.8 12967.2  19668.7    19906
read      372.8   295.5   148.8   196.1   209.1   337.1   409.3   442.6   465.3   492.1   527.0   593.2   943.8  4065.1 10327.9  18173.3    18108
read      344.7   347.0   148.8   204.0   222.0   310.7   339.3   356.1   368.0   383.7   404.0   455.9  1311.1  4312.9  9881.7   6518.7     6498
read      344.0   437.6   160.7   208.7   226.2   310.6   339.0   355.2   366.8   381.2   401.4   449.7   804.7  7791.9 16435.8   5818.7     5794
read      415.6   473.3   148.8   201.3   216.2   348.3   426.5   474.6   512.1   556.6   620.1   736.6  1562.4  5895.7 13904.6  54130.7    54376
read      390.4   473.0   148.8   202.4   216.3   356.0   409.2   437.0   458.5   484.7   526.6   615.5  1135.5  5323.7 29123.9  12590.7    12545
read      411.2   382.4   148.8   207.2   223.9   355.9   428.1   472.0   505.5   546.9   605.9   711.5  1457.7  4550.2 12499.5  85802.0    86110
read      353.6   360.8   160.7   200.9   214.4   339.2   380.5   399.8   414.2   430.3   454.9   499.0   640.8  4437.3 20924.3   9848.7     9730
read      412.3   326.3   148.8   207.7   224.4   362.9   440.4   486.1   519.1   559.8   615.9   712.2  1222.5  3774.6 10834.6  81939.3    82140
read      405.4   211.5   148.8   209.5   226.2   366.1   444.7   489.5   521.5   560.4   616.5   711.6  1010.5  2122.6  5164.3  78280.7    78511
read      408.2   292.9   148.8   206.6   222.3   366.4   447.1   492.8   526.6   567.3   622.9   716.0   956.5  3841.4  8445.6  68229.3    68231
read      355.9   347.5   160.7   198.0   210.7   342.5   386.9   408.5   424.2   441.7   466.1   508.5   674.4  6153.6 13502.6  11523.3    11420
read      422.3   298.0   148.8   212.9   231.3   376.5   453.6   498.8   533.8   576.9   634.2   741.3  1086.9  4204.0  8077.7  89644.0    89777
read      380.5   249.4   148.8   202.8   217.6   342.9   413.7   454.5   484.4   521.5   571.4   651.3   973.4  1991.2  7880.9  75233.3    75189
read      408.8   211.9   148.8   215.9   234.2   371.3   442.5   485.0   516.3   555.1   608.8   693.4  1010.2  2494.2  4715.6  96512.7    96119
read      387.5   194.2   148.8   203.8   218.5   352.3   426.2   468.6   501.2   540.8   592.5   679.0   921.0  1842.0  4340.1  70182.7    69998
read      404.9   245.5   148.8   207.2   223.3   359.3   433.4   478.2   511.4   552.0   609.2   709.8  1352.6  2491.1  5523.9  79364.0    79345
read      372.2   254.6   148.8   199.2   212.1   338.4   417.9   457.9   483.9   511.9   547.0   610.5   958.4  1704.5  8051.6  21936.0    21991
read      486.9   373.4   160.7   232.9   260.2   429.1   518.2   573.7   617.1   673.2   746.4   870.5  1213.3  4603.8 11853.1  99713.3    99920
read      368.0   244.7   160.7   200.4   213.6   352.3   412.7   441.8   461.7   484.7   512.1   571.4   801.1  1663.9  8654.1  15030.7    15067
read      473.8   312.1   160.7   226.4   251.2   414.9   498.0   549.2   591.0   645.3   725.6   857.6  1609.1  3523.1  7735.3  95664.0    96201
read      415.8   504.2   148.8   202.9   217.1   353.7   437.8   486.5   520.1   556.8   604.2   685.7  1205.1  6385.4 21702.9  28425.3    28442
read      384.8   288.6   148.8   199.0   212.3   339.9   425.5   468.5   495.5   525.6   563.2   635.8   996.0  4735.6  8900.3  23538.0    23738
read      380.7   860.7   148.8   199.5   213.7   334.2   371.8   392.0   405.1   423.7   447.7   499.4   868.9  6451.2 36938.1   9472.0     9437
read      444.3   459.9   148.8   222.3   244.2   394.0   469.6   514.0   548.1   591.4   652.1   753.9  1055.0  6860.2 18593.2  96978.7    97039
read      391.5   239.2   148.8   201.9   216.0   349.2   424.0   468.9   503.3   543.3   594.5   681.6  1160.5  1859.8  9029.5  39862.7    39843
read      356.6   503.8   160.7   197.1   210.4   336.3   383.1   405.2   421.3   437.5   462.7   504.4   731.0  3216.8 31122.9  11633.3    11616
read      353.9   158.6   148.8   197.8   211.8   323.9   386.1   425.4   456.5   493.7   538.5   596.9   740.2  1535.8  4160.1  56376.0    56350
read      342.7   198.7   148.8   198.7   211.6   312.1   390.2   428.9   453.0   477.1   501.6   535.2   597.4  1100.0  8560.9  24698.0    24650
read      349.9   214.7   148.8   195.3   208.9   314.6   386.7   432.5   464.7   497.6   535.1   585.2   692.5  1098.3  8755.0  33694.7    33825
read      346.2   155.6   148.8   196.0   209.5   317.1   376.8   415.6   446.3   483.3   528.5   587.8   696.7  1031.6  4553.7  54072.0    54193
read      356.8   156.6   148.8   200.3   213.7   329.1   393.7   430.7   459.9   495.5   540.6   611.0   753.7  1016.0  4010.6  76104.0    76287
read      347.8   191.8   148.8   196.4   209.6   315.8   388.5   432.7   460.3   488.4   519.2   560.8   662.1  1813.1  8224.1  30724.0    30507
read      354.7   162.0   148.8   197.3   211.2   323.8   390.6   431.3   463.3   501.4   543.2   599.9   726.4  1062.7  5705.2  43356.7    43736
read      349.8   174.1   148.8   198.1   211.9   322.7   385.6   421.2   447.7   479.0   519.4   583.8   726.6  1320.9  6639.7  81816.7    81903
read      340.6   182.7   148.8   195.0   208.5   314.1   373.4   407.9   434.0   466.4   509.0   570.8   688.6   974.6  7979.5  80787.3    80570
read      342.7   141.3   148.8   199.1   212.5   317.3   374.3   407.4   433.4   465.6   506.3   570.6   707.9  1300.0  4455.0  91147.3    90992
read      353.0   164.1   148.8   198.2   211.9   326.8   390.3   426.7   454.5   488.0   530.5   591.4   735.0  1037.5  7112.6  78629.3    78961
read      352.4   184.6   148.8   196.1   209.6   318.8   388.2   432.5   466.2   502.6   541.8   592.0   698.7  1101.7  8516.3  37887.3    37791
read      337.1   162.5   148.8   198.5   211.9   313.0   368.4   400.1   425.0   455.4   495.2   554.9   677.4  1017.5  3796.7  97636.7    97764
read      344.6   215.6   148.8   195.4   208.8   317.4   376.1   410.6   437.1   472.3   519.3   585.8   720.4   971.1  6194.8  71130.7    71081
read      347.4   190.1   148.8   195.3   208.8   315.7   386.4   430.1   460.2   491.4   525.9   572.4   662.1  1024.7  8615.5  32529.3    32361
read      346.7   195.6   148.8   196.5   210.0   315.0   378.0   420.8   453.3   488.0   526.3   575.3   676.7  1105.4  9576.8  41550.7    41597
read      356.0   223.3   148.8   196.1   210.2   321.5   393.9   440.4   473.6   508.2   544.2   592.5   699.6  1041.9  8977.2  36456.0    36321
read      346.1   206.5   148.8   202.2   216.1   321.8   379.8   412.7   437.1   467.3   505.4   563.0   680.4   899.6  7414.3  97704.0    97570
read      355.5   197.6   148.8   197.8   212.2   327.7   391.0   428.4   458.5   494.0   536.2   592.7   719.4  1084.3  7794.5  50488.0    50500
read      347.4   171.8   148.8   196.1   209.1   316.3   385.4   430.3   460.6   492.5   527.7   575.6   675.5  1080.9  6042.4  32498.7    32308
read      344.4   302.5   160.7   199.4   211.5   331.9   380.3   402.2   417.7   433.5   454.9   484.3   568.0  3977.7 10231.8  14076.0    14115
read      348.2   175.0   148.8   196.9   210.4   318.6   380.1   417.7   447.1   484.3   531.2   593.8   722.4   978.5  7763.3  64933.3    64826
read      344.3   165.6   148.8   195.6   209.1   318.2   376.6   413.0   440.9   474.3   518.1   581.7   701.1   977.1  5247.1  67578.0    67795
read      348.8   168.7   148.8   201.1   215.4   323.3   382.4   416.7   442.2   472.0   513.6   574.9   704.1   989.3  7909.7  92684.0    92688
read      348.5   212.1   148.8   197.3   211.0   320.8   382.9   418.9   446.3   479.0   521.0   582.7   710.4   980.6  9700.5  74548.0    74427
read      348.7   256.7   148.8   195.6   208.6   312.7   389.6   434.6   464.4   493.5   524.1   563.1   641.1  1670.8  8995.4  31388.7    31361
read      354.3   186.5   148.8   197.6   211.2   324.1   388.7   429.0   461.0   498.8   545.0   605.8   722.0  1000.3  5852.5  50580.0    50686
read      349.9   246.7   148.8   196.5   209.8   318.3   393.7   434.3   460.3   487.5   517.6   559.9   660.7  1389.4  8144.7  26610.0    26859
read      340.6   251.5   148.8   199.0   211.5   330.6   385.1   410.0   425.9   443.2   463.9   495.5   566.4  1773.1  9978.4  15743.3    15666
read      343.5   156.5   148.8   199.7   213.8   318.5   375.2   408.3   433.5   464.3   503.2   565.4   689.5  1610.8  5191.5  96954.0    97479
read      344.3   168.9   148.8   194.6   208.1   312.2   376.1   418.4   451.9   488.9   529.9   583.3   688.7  1027.5  7711.2  40864.0    40641
read      352.1   204.6   148.8   196.6   210.0   318.0   387.2   431.7   464.3   498.3   534.4   583.0   699.3  1187.4  8358.7  35504.0    35398
read      345.3   158.8   148.8   194.6   208.2   315.6   377.3   415.4   445.1   482.5   528.8   591.3   716.1   943.3  5003.3  68824.0    68885
read      347.8   144.0   148.8   198.6   212.5   322.6   383.9   419.6   446.1   477.5   518.4   581.0   711.3   953.7  5044.9  82952.7    82658
read      359.6   186.7   148.8   199.5   213.0   328.3   397.5   440.5   473.0   506.9   546.2   606.2   734.0  1059.3  8202.6  37402.0    37588
read      347.8   225.4   148.8   201.0   213.6   328.4   397.1   427.9   446.7   465.1   489.1   522.6   593.7  2145.1  8706.5  19338.0    19382
read      361.1   227.6   148.8   198.6   212.7   330.4   398.3   441.6   474.0   509.6   549.5   606.8   730.6  1041.4  7573.6  39587.3    39597
read      361.2   185.7   148.8   200.6   214.2   331.9   397.8   437.4   468.8   506.0   551.2   616.6   742.0  1004.7  5060.6  56935.3    57154
read      369.9   170.8   148.8   202.5   216.3   341.4   410.6   451.2   481.3   517.9   562.8   631.1   779.8  1057.2  5470.0  52301.3    52183
read      320.1   214.2   160.7   209.5   226.3   311.5   338.0   352.2   362.8   373.5   390.9   416.7   542.7  2071.4  9453.1   7050.0     7024
read      354.0   240.6   160.7   202.6   215.3   341.2   402.2   429.7   447.6   465.9   488.8   519.0   590.9  3258.8  9425.0  15931.3    16027
read      353.6   156.1   148.8   199.6   213.3   326.1   389.0   425.7   453.6   486.9   530.3   594.0   744.8  1316.9  5244.4  79167.3    79406
read      337.2   161.2   148.8   199.7   213.4   314.7   367.5   398.6   422.7   451.9   490.4   548.2   671.3   888.8  7035.7  97934.0    98199
read      351.3   200.1   137.8   197.6   211.3   320.9   382.3   419.0   447.4   482.6   528.3   594.3   760.9  1096.9  8918.6  75134.7    75565
read      354.6   191.0   148.8   198.1   212.0   323.9   389.1   429.4   461.6   499.1   541.8   599.1   719.8  1008.5  8553.7  49088.7    48872
read      348.1   182.2   148.8   195.9   209.2   312.7   385.0   430.1   462.9   496.8   534.6   585.3   697.2  1002.0  5418.2  37271.3    37140
read      338.2   197.0   148.8   198.8   212.4   315.8   370.3   401.6   426.1   455.7   494.1   548.3   658.5   875.1  6163.8  91520.0    91170
read      344.7   244.1   148.8   198.6   211.2   326.6   389.7   418.9   437.6   457.5   480.3   511.4   592.6  3339.0 10352.0  18391.3    18318
read      346.7   218.9   148.8   196.6   210.0   318.4   392.2   430.5   454.6   479.6   506.7   545.9   631.4  1115.9 12136.2  24198.7    24202
read      330.1   399.8   160.7   206.1   220.9   307.8   333.4   346.5   357.4   368.3   383.7   406.0   528.9  8771.4 11862.8   7391.3     7149
read      349.0   216.4   148.8   195.2   208.6   313.2   391.5   435.6   464.8   494.9   526.9   568.4   652.1  1302.7  8696.6  28586.0    28608
read      353.5   251.7   148.8   197.0   210.9   322.9   384.8   422.8   453.2   490.4   535.8   599.4   727.3  1084.5 12048.1  59380.0    59337
read      350.1   150.5   148.8   197.2   210.8   321.1   383.3   420.2   450.1   487.5   533.3   600.0   741.9  1063.8  4190.6  70898.0    71066
read      339.5   151.6   148.8   196.1   209.6   313.8   370.3   404.3   431.6   465.5   508.5   568.2   678.5   988.9  6644.2  68610.7    68555
read      350.3   150.6   148.8   195.8   209.3   319.8   387.2   428.2   459.8   496.0   537.7   592.7   703.0   968.1  4334.8  47678.0    47586
read      344.2   159.6   148.8   195.8   209.5   316.8   376.3   411.8   438.6   471.5   516.6   584.6   720.8  1001.0  6569.0  82206.7    81864
read      341.0   141.2   148.8   195.4   208.9   313.2   370.8   404.9   434.0   470.2   518.0   584.3   714.4  1047.6  3851.1  84376.0    84384
read      351.3   173.8   148.8   197.3   210.9   322.9   386.0   423.1   451.8   486.5   531.1   595.8   738.8  1048.9  7634.4  73489.3    73197
read      354.6   173.2   148.8   198.3   212.7   326.4   389.9   427.3   456.9   493.3   537.0   593.9   721.8  1024.8  7561.2  58895.3    58808
read      338.4   509.4   160.7   203.2   218.0   316.9   346.0   361.8   371.7   384.9   399.4   425.8   513.6  8788.5 21068.5   8676.0     8661
read      356.7   189.9   148.8   198.4   212.3   328.1   392.3   429.5   458.0   492.5   536.9   604.3   749.8  1033.3  8115.3  67724.0    67893
read      346.0   205.5   148.8   197.2   210.7   315.8   391.5   431.9   457.8   484.2   511.4   549.4   640.2  1018.8  8108.4  27346.7    27081
read      350.8   200.7   148.8   197.0   210.7   318.1   386.0   429.9   461.9   496.8   536.1   585.9   693.5  1050.6  4795.8  39181.3    38973
read      349.4   297.9   148.8   197.3   210.5   315.0   394.6   434.6   459.1   485.0   513.3   552.4   645.9  1079.8 17808.6  25544.0    25147
read      355.8   225.0   148.8   196.8   210.5   320.7   400.4   446.2   475.3   505.0   538.5   583.0   681.9  1079.7  9140.2  30082.0    30015
read      352.6   194.5   148.8   196.7   210.0   321.3   388.6   429.6   462.1   499.0   538.9   589.8   693.4  1012.8  8463.6  43344.7    43619
read      336.9   140.3   148.8   200.6   214.1   314.5   369.6   400.7   424.9   454.0   491.7   545.7   659.2   886.0  5151.2  98918.0    98527
read      344.3   143.6   148.8   196.0   209.8   319.8   378.9   413.6   440.7   474.8   518.2   578.0   686.7   968.9  4604.5  67035.3    67442
read      354.9   152.4   148.8   197.5   211.9   326.0   390.2   429.8   461.0   497.8   542.2   604.3   735.7   977.7  3898.3  59159.3    59250
read      346.5   219.1   148.8   196.2   209.4   313.7   387.3   431.5   461.3   491.3   523.8   567.1   655.8   996.0 10620.0  31051.3    31042
read      357.7   263.4   148.8   199.3   212.4   329.1   411.0   449.3   472.8   497.2   525.0   563.3   664.8  1080.2 15670.7  23316.0    23168
read      343.4   267.4   148.8   202.1   214.2   335.8   378.4   398.4   412.5   427.9   448.1   478.5   559.4  4217.4 10382.6  12280.0    12188
read      347.1   192.4   148.8   196.0   209.5   320.7   381.5   417.0   444.5   479.0   522.5   584.5   715.8   942.1  6689.4  67446.0    68103
read      358.0   197.6   148.8   197.9   211.4   327.4   394.4   435.6   467.1   503.8   546.5   606.8   731.6  1096.1  7795.0  44751.3    44810
read      342.9   184.5   148.8   197.9   211.2   317.4   374.9   409.5   436.1   469.1   511.4   573.3   693.2   988.3  3953.0  85243.3    85198
read      342.3   161.1   148.8   196.1   209.7   316.0   372.7   405.9   433.8   469.7   515.4   576.7   693.6  1270.9  4338.3  64836.0    64988
read      350.4   151.2   148.8   196.7   209.9   317.2   387.5   432.8   465.4   499.7   537.9   589.5   702.4  1056.6  4208.0  38292.0    38245
read      353.6   179.4   148.8   196.0   209.5   320.1   388.5   434.6   468.1   505.5   545.9   601.1   714.5  1016.7  7588.2  39426.0    39413
read      340.3   374.5   160.7   203.2   215.9   323.4   357.5   375.5   388.3   401.1   419.2   443.4   541.8  7667.8 13212.6   9503.3     9583
read      348.0   145.2   148.8   199.9   214.2   323.3   384.8   419.7   445.1   474.6   514.9   576.1   691.2   921.8  5450.4  89556.7    89844
read      349.1   182.9   148.8   196.1   209.9   322.6   384.3   421.0   449.6   483.8   526.5   586.8   711.9   904.4  8053.4  70460.7    70336
read      346.1   159.5   148.8   197.1   210.8   319.8   377.8   414.9   444.4   480.5   525.1   582.6   689.4   952.3  4006.9  56196.0    56324
read      351.1   203.8   148.8   196.4   210.1   318.0   380.0   418.8   450.9   489.6   536.8   605.5   743.3  1301.5  8206.6  63906.0    64001
read      349.1   223.1   148.8   197.8   211.3   320.7   383.1   418.0   444.2   476.6   520.5   583.6   716.7  1040.1 11100.2  79797.3    79935
read      352.3   152.0   148.8   197.3   210.9   324.5   387.9   426.3   456.3   492.7   537.2   599.9   731.5   975.6  4809.9  64532.0    64293
read      356.3   255.9   137.8   195.9   209.5   322.1   393.1   439.3   472.7   508.5   546.9   598.2   702.9  1090.2  4652.3  40675.3    40603
read      353.1   170.6   148.8   197.8   211.6   325.8   385.7   422.5   452.8   492.1   540.6   604.6   727.3  1019.1  3957.2  58622.7    58949
read      334.1   519.4   160.7   204.8   220.0   311.7   337.6   351.4   362.3   373.2   389.4   409.8   523.5  5970.6 20335.8   7369.3     7297
read      347.4   220.8   148.8   194.3   207.6   313.1   378.6   423.0   456.2   493.0   533.3   583.8   681.0  1127.2 10140.6  41973.3    42332

Total QPS = 50359.0 (45323104 / 900.0s)

Total connections = 64
Misses = 0 (0.0%)
Skipped TXs = 0 (0.0%)

RX 11194806441 bytes :   11.9 MB/s
TX          0 bytes :    0.0 MB/s
Warning! Detected max cpu usage > 95%
CPU Usage Stats (avg/min/max): 100.00%,49.75%,100.00%
