2024-05-09T12:38:02.612895 0.0 0.0 0.0 0.0
2024-05-09T12:38:03.614224 2.0 3.0 1.0 2.0
2024-05-09T12:38:04.615523 1.0 0.0 1.0 1.0
2024-05-09T12:38:05.616802 0.0 0.0 0.0 0.0
2024-05-09T12:38:06.618105 0.0 1.0 0.0 0.0
2024-05-09T12:38:07.619386 0.0 0.0 0.0 0.0
2024-05-09T12:38:08.620715 0.0 0.0 1.0 0.0
2024-05-09T12:38:09.621940 1.0 0.0 0.0 0.0
2024-05-09T12:38:10.623230 1.0 1.0 0.0 0.0
2024-05-09T12:38:11.624553 2.0 0.0 0.0 0.0
2024-05-09T12:38:12.625880 0.0 0.0 1.0 1.0
2024-05-09T12:38:13.627191 0.0 2.0 1.0 0.0
2024-05-09T12:38:14.628484 0.0 0.0 0.0 0.0
2024-05-09T12:38:15.629770 3.0 3.0 2.0 5.0
2024-05-09T12:38:16.631075 1.0 0.0 0.0 0.0
2024-05-09T12:38:17.632393 0.0 1.0 3.0 1.0
2024-05-09T12:38:18.633677 1.0 1.0 0.0 0.0
2024-05-09T12:38:19.635026 0.0 0.0 0.0 1.0
2024-05-09T12:38:20.636366 0.0 0.0 1.0 1.0
2024-05-09T12:38:21.637666 1.0 0.0 0.0 0.0
2024-05-09T12:38:22.639019 0.0 1.0 0.0 0.0
2024-05-09T12:38:23.639642 1.0 1.0 0.0 1.0
2024-05-09T12:38:24.640954 2.0 0.0 0.0 0.0
2024-05-09T12:38:25.642265 0.0 0.0 0.0 1.0
2024-05-09T12:38:26.643575 0.0 0.0 2.0 1.0
2024-05-09T12:38:27.644869 1.0 2.0 0.0 1.0
2024-05-09T12:38:28.646066 0.0 0.0 1.0 0.0
2024-05-09T12:38:29.647368 1.0 0.0 0.0 0.0
2024-05-09T12:38:30.648693 0.0 0.0 0.0 0.0
2024-05-09T12:38:31.649983 0.0 1.0 1.0 1.0
2024-05-09T12:38:32.651252 3.0 8.7 8.7 2.0
2024-05-09T12:38:33.652543 8.5 9.6 12.1 2.0
2024-05-09T12:38:34.653677 4.9 13.8 14.5 2.0
2024-05-09T12:38:35.655040 4.0 10.6 11.3 2.0
2024-05-09T12:38:36.656317 4.9 7.8 11.3 2.0
2024-05-09T12:38:37.657624 0.0 0.0 0.0 1.0
2024-05-09T12:38:38.658912 0.0 4.8 2.9 0.0
2024-05-09T12:38:39.660192 21.1 38.8 38.8 0.0
2024-05-09T12:38:40.660613 20.5 41.4 39.2 4.9
2024-05-09T12:38:41.661975 19.8 37.7 39.7 1.0
2024-05-09T12:38:42.663244 19.8 38.4 39.6 2.0
2024-05-09T12:38:43.664524 17.1 42.3 41.1 2.0
2024-05-09T12:38:44.665836 1.0 0.0 0.0 1.0
2024-05-09T12:38:45.667125 4.8 14.2 15.5 2.9
2024-05-09T12:38:46.668420 30.7 52.0 51.4 5.9
2024-05-09T12:38:47.669828 27.5 53.1 52.2 5.9
2024-05-09T12:38:48.671102 22.8 52.0 51.7 11.9
2024-05-09T12:38:49.671619 27.8 51.4 51.4 1.0
2024-05-09T12:38:50.672891 20.2 45.0 45.3 4.0
2024-05-09T12:38:51.673942 0.0 1.0 1.0 0.0
2024-05-09T12:38:52.675205 3.9 27.9 27.3 3.9
2024-05-09T12:38:53.676496 26.6 55.2 54.5 6.9
2024-05-09T12:38:54.677960 23.4 55.0 55.0 13.8
2024-05-09T12:38:55.679293 21.3 54.4 54.2 5.0
2024-05-09T12:38:56.680568 32.1 55.0 55.3 4.1
2024-05-09T12:38:57.681896 10.2 42.8 42.9 11.9
2024-05-09T12:38:58.683180 1.0 0.0 0.0 0.0
2024-05-09T12:38:59.684497 27.3 36.9 36.2 3.0
2024-05-09T12:39:00.685958 22.7 56.5 57.1 5.0
2024-05-09T12:39:01.687296 30.3 56.3 56.8 5.9
2024-05-09T12:39:02.688572 31.3 56.5 56.5 5.0
2024-05-09T12:39:03.690039 30.8 56.4 56.5 6.9
2024-05-09T12:39:04.691376 17.2 35.5 35.3 3.0
2024-05-09T12:39:05.692685 0.0 0.0 0.0 0.0
2024-05-09T12:39:06.694031 22.3 44.6 44.9 5.0
2024-05-09T12:39:07.695371 34.5 57.6 57.8 8.0
2024-05-09T12:39:08.696671 32.6 57.8 57.9 9.7
2024-05-09T12:39:09.698125 32.8 57.7 58.0 4.2
2024-05-09T12:39:10.699463 26.4 57.6 57.8 5.1
2024-05-09T12:39:11.700742 8.5 27.2 27.4 4.0
2024-05-09T12:39:12.702019 0.0 0.0 0.0 0.0
2024-05-09T12:39:13.703313 19.7 53.8 54.2 10.9
2024-05-09T12:39:14.704605 22.5 58.8 59.5 6.2
2024-05-09T12:39:15.706019 26.0 58.2 59.2 11.5
2024-05-09T12:39:16.707338 29.3 58.2 59.5 4.2
2024-05-09T12:39:17.708218 21.2 58.3 58.9 14.2
2024-05-09T12:39:18.709551 0.0 15.2 13.8 2.0
2024-05-09T12:39:19.710156 0.0 3.9 4.9 0.0
2024-05-09T12:39:20.711540 27.0 60.9 60.5 11.3
2024-05-09T12:39:21.712046 30.5 60.6 60.1 8.3
2024-05-09T12:39:22.713322 26.0 60.6 60.0 5.4
2024-05-09T12:39:23.714163 28.0 60.6 59.9 9.3
2024-05-09T12:39:24.715484 22.7 58.9 58.6 17.8
2024-05-09T12:39:25.716798 0.0 0.0 0.0 0.0
2024-05-09T12:39:26.718069 4.9 20.2 21.1 1.0
2024-05-09T12:39:27.719393 29.6 60.9 62.4 7.1
2024-05-09T12:39:28.720679 20.7 61.0 62.7 12.4
2024-05-09T12:39:29.722084 33.3 61.3 62.9 3.2
2024-05-09T12:39:30.722566 26.1 61.3 62.3 12.4
2024-05-09T12:39:31.723852 26.0 51.4 53.1 6.0
2024-05-09T12:39:32.725178 0.0 1.0 0.0 0.0
2024-05-09T12:39:33.726257 13.0 35.4 35.5 6.2
2024-05-09T12:39:34.727639 26.3 62.9 63.5 8.8
2024-05-09T12:39:35.728914 24.6 62.3 63.1 6.7
2024-05-09T12:39:36.730237 26.1 63.1 64.2 6.7
2024-05-09T12:39:37.731593 27.9 62.9 63.2 13.5
2024-05-09T12:39:38.732898 20.0 42.1 42.7 4.3
2024-05-09T12:39:39.733938 1.0 0.0 0.0 0.0
2024-05-09T12:39:40.735435 19.3 48.2 48.5 3.2
2024-05-09T12:39:41.736715 34.6 64.9 66.4 6.6
2024-05-09T12:39:42.738133 27.5 65.2 66.4 12.4
2024-05-09T12:39:43.739598 23.7 65.4 65.6 10.5
2024-05-09T12:39:44.740885 29.3 64.1 65.4 14.1
2024-05-09T12:39:45.741950 6.9 28.4 29.7 4.0
2024-05-09T12:39:46.743231 1.0 1.0 2.0 0.0
2024-05-09T12:39:47.744540 28.4 60.3 59.9 8.7
2024-05-09T12:39:48.746029 26.1 66.2 66.4 7.8
2024-05-09T12:39:49.747618 32.3 66.4 66.2 6.7
2024-05-09T12:39:50.749032 24.3 67.6 68.3 2.4
2024-05-09T12:39:51.750193 25.2 66.9 66.9 3.5
2024-05-09T12:39:52.751518 4.0 13.2 12.4 1.0
2024-05-09T12:39:53.752791 3.0 6.8 5.9 2.0
2024-05-09T12:39:54.754387 28.7 69.7 68.2 7.6
2024-05-09T12:39:55.755865 31.4 70.4 68.3 2.3
2024-05-09T12:39:56.756355 30.5 70.9 68.3 10.8
2024-05-09T12:39:57.757940 30.8 70.6 68.7 9.6
2024-05-09T12:39:58.759258 23.1 66.7 65.7 20.6
2024-05-09T12:39:59.760585 1.0 0.0 1.0 0.0
2024-05-09T12:40:00.762046 7.7 24.1 23.6 3.1
2024-05-09T12:40:01.763584 30.3 71.4 71.7 13.7
2024-05-09T12:40:02.764918 32.8 71.0 72.5 5.7
2024-05-09T12:40:03.766199 31.7 72.5 72.9 11.1
2024-05-09T12:40:04.766954 34.6 70.4 71.9 9.9
2024-05-09T12:40:05.768283 19.1 56.9 57.4 2.2
2024-05-09T12:40:06.769585 0.0 1.0 0.0 0.0
2024-05-09T12:40:07.770159 18.3 36.2 36.8 3.2
2024-05-09T12:40:08.771643 29.2 72.1 71.7 9.8
2024-05-09T12:40:09.772997 29.9 72.8 71.6 7.9
2024-05-09T12:40:10.774173 27.9 72.8 72.3 8.8
2024-05-09T12:40:11.775599 29.6 73.0 72.5 5.7
2024-05-09T12:40:12.776902 22.9 47.5 47.5 4.3
2024-05-09T12:40:13.778195 0.0 1.0 1.0 0.0
2024-05-09T12:40:14.779680 22.9 49.2 51.3 9.3
2024-05-09T12:40:15.781139 31.5 71.7 75.8 17.3
2024-05-09T12:40:16.782272 33.3 72.6 76.9 13.0
2024-05-09T12:40:17.783790 38.8 71.7 75.2 22.1
2024-05-09T12:40:18.785136 33.6 72.5 77.5 15.8
2024-05-09T12:40:19.786446 11.0 32.7 32.7 7.0
2024-05-09T12:40:20.787741 1.0 0.0 1.0 0.0
2024-05-09T12:40:21.789041 27.9 67.8 65.6 8.0
2024-05-09T12:40:22.790195 29.4 81.8 78.0 13.8
2024-05-09T12:40:23.791572 30.0 79.8 76.8 14.8
2024-05-09T12:40:24.792931 21.1 79.7 77.0 19.8
2024-05-09T12:40:25.794185 29.2 80.3 78.1 10.3
2024-05-09T12:40:26.795496 6.7 20.0 20.4 2.1
2024-05-09T12:40:27.796779 0.0 0.0 1.0 0.0
2024-05-09T12:40:28.798225 31.2 77.8 82.0 19.6
2024-05-09T12:40:29.799732 28.3 78.4 81.7 15.2
2024-05-09T12:40:30.801055 25.7 78.4 81.7 23.0
2024-05-09T12:40:31.802272 30.2 80.0 83.1 18.9
2024-05-09T12:40:32.803692 37.7 77.8 80.7 17.7
2024-05-09T12:40:33.804369 2.0 2.0 2.0 1.0
2024-05-09T12:40:34.805953 5.1 18.1 18.3 4.1
2024-05-09T12:40:35.807384 38.2 80.8 80.0 27.4
2024-05-09T12:40:36.808956 40.7 77.6 78.4 24.2
2024-05-09T12:40:37.810338 31.6 81.8 80.3 38.2
2024-05-09T12:40:38.812021 37.6 80.3 81.0 25.5
2024-05-09T12:40:39.813379 28.4 69.8 69.0 22.3
2024-05-09T12:40:40.814665 1.0 0.0 0.0 1.0
2024-05-09T12:40:41.816140 13.5 35.8 35.5 4.4
2024-05-09T12:40:42.817798 31.8 85.3 84.3 22.7
2024-05-09T12:40:43.819271 32.1 83.2 83.8 26.6
2024-05-09T12:40:44.821016 32.7 85.3 85.2 25.3
2024-05-09T12:40:45.822209 37.8 83.2 84.0 18.8
2024-05-09T12:40:46.823561 23.6 55.0 53.6 11.8
2024-05-09T12:40:47.824874 1.0 0.0 0.0 1.0
2024-05-09T12:40:48.826375 19.8 53.6 52.7 13.0
2024-05-09T12:40:49.827916 34.9 86.1 88.5 31.6
2024-05-09T12:40:50.829615 34.0 87.6 86.7 35.9
2024-05-09T12:40:51.830332 35.2 86.0 86.0 28.4
2024-05-09T12:40:52.831916 36.1 88.5 88.4 33.3
2024-05-09T12:40:53.833202 15.7 39.4 39.4 14.3
2024-05-09T12:40:54.834488 1.0 0.0 0.0 0.0
2024-05-09T12:40:55.836050 25.7 72.1 71.8 22.9
2024-05-09T12:40:56.837605 36.4 94.3 93.4 29.0
2024-05-09T12:40:57.838261 35.1 89.2 89.3 27.7
2024-05-09T12:40:58.839611 32.7 93.5 92.5 30.2
2024-05-09T12:40:59.841104 33.9 92.6 90.9 23.9
2024-05-09T12:41:00.842437 6.0 19.8 19.8 6.1
2024-05-09T12:41:01.843717 2.0 1.0 1.0 0.0
2024-05-09T12:41:02.845310 30.6 97.0 89.8 26.7
2024-05-09T12:41:03.846145 30.0 100.0 92.5 30.8
2024-05-09T12:41:04.847631 33.6 100.0 91.7 19.6
2024-05-09T12:41:05.849133 33.0 100.0 93.4 22.9
2024-05-09T12:41:06.850116 34.5 100.0 90.8 23.7
2024-05-09T12:41:07.851452 0.0 2.0 2.0 0.0
2024-05-09T12:41:08.852883 6.0 16.8 16.2 5.9
2024-05-09T12:41:09.854259 34.9 96.1 97.1 22.0
2024-05-09T12:41:10.855702 35.0 100.0 99.0 19.1
2024-05-09T12:41:11.857222 36.9 96.1 96.2 28.4
2024-05-09T12:41:12.858122 34.0 98.0 98.0 25.2
2024-05-09T12:41:13.859433 27.7 82.4 82.2 22.3
2024-05-09T12:41:14.860759 0.0 0.0 0.0 0.0
2024-05-09T12:41:15.862239 14.9 36.3 35.6 9.1
2024-05-09T12:41:16.864032 39.6 99.0 98.1 24.7
2024-05-09T12:41:17.865800 35.1 98.0 96.2 27.7
2024-05-09T12:41:18.867311 39.4 100.0 96.2 24.7
2024-05-09T12:41:19.868777 34.7 99.0 96.1 24.0
2024-05-09T12:41:20.869953 27.9 62.7 62.5 14.4
2024-05-09T12:41:21.871186 0.0 0.0 0.0 0.0
