#type       avg     std     min      p5     p10     p50     p67     p75     p80     p85     p90     p95     p99    p999   p9999      QPS   target       ts_start         ts_end
read      395.4   556.7   160.7   222.0   252.1   365.4   404.5   427.5   443.4   462.1   486.8   525.2   643.7  8618.4 29092.5   4916.8     5000  1715111005899  1715111011357
read      421.9   368.1   148.8   209.8   226.5   396.3   468.7   506.2   532.8   564.3   607.7   678.5   846.5  3920.0 13946.0  10012.0    10000  1715111012860  1715111018223
read      451.5   323.4   160.7   208.9   224.7   397.5   498.7   557.1   601.1   657.2   737.5   857.2  1082.9  3936.6 12044.5  15107.4    15000  1715111019726  1715111025045
read      468.4   359.2   148.8   204.0   219.0   391.5   503.8   575.2   632.5   719.0   842.0   990.7  1271.4  3240.4 11521.8  19974.4    20000  1715111026548  1715111031864
read      471.5   369.2   148.8   201.5   216.6   377.5   493.4   572.6   639.9   739.1   888.4  1070.4  1363.3  2109.4 12678.5  24976.0    25000  1715111033367  1715111038687
read      484.5   397.4   148.8   200.3   214.8   368.7   482.2   561.2   636.2   755.1   970.9  1255.4  1566.5  2395.3 12151.7  29973.6    30000  1715111040190  1715111045515
read      474.2   394.2   148.8   197.5   212.1   349.7   459.3   538.0   615.5   748.0   959.3  1283.5  1606.7  2015.4 12013.1  34983.2    35000  1715111047018  1715111052329
read      484.9   475.0   148.8   198.0   212.0   328.9   426.2   504.3   576.1   731.9  1063.4  1460.8  1944.5  2708.0 15439.5  40056.0    40000  1715111053833  1715111059176
read      477.2   483.7   148.8   196.5   210.9   331.0   428.1   505.5   571.4   687.5   976.8  1417.6  1900.6  3414.1 16020.0  44644.4    45000  1715111060680  1715111065978
read      497.4   476.3   148.8   196.9   212.2   349.5   456.9   538.4   612.9   739.0   985.6  1427.4  2145.6  2935.3 12910.1  50059.6    50000  1715111067481  1715111072779
read      485.4   493.7   148.8   197.4   212.4   337.0   435.2   513.1   579.6   684.0   917.9  1435.9  2248.8  3014.7 15813.7  54879.2    55000  1715111074282  1715111079578
read      495.5   490.1   148.8   202.3   218.2   346.0   444.1   520.1   583.7   680.0   900.4  1460.9  2381.0  3350.7 15161.1  59768.0    60000  1715111081081  1715111086379
read      514.0   482.9   148.8   208.9   227.2   366.1   479.8   557.3   620.3   720.4   919.8  1430.4  2405.6  3469.8 13815.3  65035.7    65000  1715111087882  1715111093179
read      505.5   459.6   148.8   207.3   225.7   363.2   474.3   554.5   618.8   714.0   893.9  1376.3  2350.0  3479.2 12173.4  69935.4    70000  1715111094682  1715111099981
read      588.6   489.6   137.8   218.7   244.4   450.3   602.2   696.9   776.3   886.9  1071.4  1437.3  2402.0  3837.9 12859.7  74816.4    75000  1715111101485  1715111106776
read      916.1   756.6   148.8   204.9   218.8   784.7  1096.3  1291.9  1425.8  1596.3  1825.3  2199.5  3138.3  4687.7 16623.2  71288.2    80000  1715111108279  1715111113574
read      908.4   713.0   148.8   207.8   222.7   816.2  1078.2  1236.0  1360.7  1528.4  1734.7  2086.1  3057.4  5173.8 15592.2  72001.2    85000  1715111115077  1715111120372
read      845.8   546.9   148.8   207.4   227.1   812.2   989.3  1089.3  1178.5  1295.4  1450.8  1704.3  2290.1  3580.4 15369.3  76950.3    90000  1715111121874  1715111127170
read      885.9   637.1   148.8   208.5   225.6   826.9  1050.9  1179.2  1292.7  1426.5  1608.7  1893.4  2655.1  4739.4 15427.2  73792.8    95000  1715111128673  1715111133971
read      907.4   726.7   137.8   212.7   230.7   806.6  1068.9  1227.0  1349.8  1503.9  1699.1  2008.4  2919.3  4847.5 20063.1  72270.1   100000  1715111135473  1715111140771
read      867.1   623.1   148.8   208.7   227.7   824.0  1017.5  1127.9  1235.3  1360.2  1524.6  1764.9  2433.3  4099.0 16697.2  75407.4   105000  1715111142274  1715111147572
read      869.5   616.9   137.8   211.0   230.2   800.8  1012.8  1133.1  1244.5  1371.1  1553.3  1853.3  2713.6  4368.2 15698.1  75090.0   110000  1715111149076  1715111154375
read      908.7   685.6   148.8   214.2   233.6   812.8  1065.4  1217.8  1340.6  1491.7  1682.5  2006.9  2901.5  4407.2 16269.7  72026.8   115000  1715111155878  1715111161175
read      912.7   742.6   148.8   208.4   224.2   820.7  1075.0  1233.2  1356.4  1514.6  1712.0  2055.8  2975.9  5310.8 21680.9  71880.7   120000  1715111162678  1715111167970
read      877.0   617.5   148.8   209.6   228.3   823.2  1035.1  1153.6  1264.5  1394.9  1573.4  1838.6  2545.9  4007.8 17867.9  74524.4   125000  1715111169473  1715111174772
Warning! Detected max cpu usage > 95%
CPU Usage Stats (avg/min/max): 87.45%,54.27%,100.00%
