#type       avg     std     min      p5     p10     p50     p67     p75     p80     p85     p90     p95     p99    p999   p9999      QPS   target       ts_start         ts_end
read      390.8   596.6   160.7   223.4   237.5   311.6   356.3   386.5   409.0   437.0   475.4   554.1  2021.3  8702.3 19288.7  29925.6    30000  1714660449356  1714660459522
read      375.6   596.7   160.7   224.9   239.9   316.8   360.5   389.1   411.4   439.5   477.9   539.0   794.3 10475.8 22779.4  29999.6    30005  1714660461031  1714660471178
read      354.8   583.3   160.7   220.7   232.9   295.5   331.5   357.0   377.9   404.3   439.8   493.4   707.6 10025.1 19986.5  30070.3    30010  1714660472687  1714660482806
read      312.4   241.5   160.7   215.8   227.1   285.9   316.3   338.0   355.8   378.4   409.2   456.6   548.8  3538.9  8744.6  29948.6    30015  1714660484316  1714660494439
read      326.5   333.1   160.7   219.6   230.9   292.4   325.0   346.9   366.6   390.7   423.8   473.6   588.9  5943.1 11102.1  29902.1    30020  1714660495950  1714660506060
read      325.4   288.6   160.7   221.0   232.8   294.7   329.6   353.0   371.9   396.6   429.3   478.7   579.3  4084.3 12615.7  29979.5    30025  1714660507569  1714660517693
read      326.4   274.1   160.7   221.1   234.0   296.9   330.8   353.1   371.3   395.4   428.2   477.8   583.3  4467.2 10397.3  30064.9    30030  1714660519202  1714660529327
read      343.7   360.7   160.7   224.6   239.0   309.0   346.6   371.9   392.2   417.1   451.7   504.3   636.9  5534.8 13610.6  29930.9    30035  1714660530836  1714660540955
read      323.1   276.2   160.7   220.0   232.1   294.8   328.3   350.2   368.8   392.0   423.5   470.6   576.5  3879.7 12297.2  30044.7    30040  1714660542472  1714660552592
read      350.3   322.1   160.7   227.0   241.9   317.3   358.0   383.1   401.9   427.3   461.4   514.0   664.0  4659.5 12457.2  30066.2    30045  1714660554109  1714660564230
read      339.2   317.0   160.7   223.1   237.4   307.9   345.8   370.8   390.2   413.5   446.0   496.1   646.5  4164.7 12756.4  30000.2    30050  1714660565739  1714660575853
read      325.0   195.2   160.7   222.0   235.5   303.1   339.5   362.7   379.9   401.3   430.9   475.0   563.8  1763.2  8500.3  30117.3    30055  1714660577362  1714660587509
read      339.2   229.3   160.7   230.6   244.6   315.9   354.2   377.6   395.8   417.8   446.8   492.7   581.7  2195.1  9271.5  29945.6    30060  1714660589019  1714660599162
read      333.2   234.1   160.7   227.9   242.5   310.1   344.1   367.1   384.6   404.9   435.1   480.9   572.6  2604.3 11061.5  30100.2    30065  1714660600672  1714660610796
Connection to 34.159.6.136 closed by remote host.

Recommendation: To check for possible causes of SSH connectivity issues and get
recommendations, rerun the ssh command with the --troubleshoot option.

gcloud compute ssh client-measure-0jx8 --project=cca-eth-2024-group-076 --zone=europe-west3-a --ssh-key-file=/Users/dennisjueni/.ssh/cloud-computing --troubleshoot

Or, to investigate an IAP tunneling issue:

gcloud compute ssh client-measure-0jx8 --project=cca-eth-2024-group-076 --zone=europe-west3-a --ssh-key-file=/Users/dennisjueni/.ssh/cloud-computing --troubleshoot --tunnel-through-iap

ERROR: (gcloud.compute.ssh) [/usr/bin/ssh] exited with return code [255].
