#type       avg     std     min      p5     p10     p50     p67     p75     p80     p85     p90     p95     p99    p999   p9999      QPS   target       ts_start         ts_end
read      331.3   207.7   160.7   221.0   234.6   310.9   349.9   372.8   390.9   411.9   440.6   487.1   577.4  1825.6  9663.7  29875.9    30000  1714917127507  1714917137716
read      333.1   190.9   148.8   214.3   229.5   313.4   355.2   379.1   397.3   420.2   450.3   496.4   589.8  1737.6  8097.6  30033.4    30005  1714917139223  1714917149363
read      314.0   173.3   160.7   214.8   226.6   293.1   329.0   350.6   368.0   390.0   420.6   467.6   548.7  1386.4  8079.0  29894.6    30010  1714917150869  1714917160986
read      333.6   172.1   148.8   215.2   230.3   315.2   356.7   380.4   398.2   420.7   450.4   496.7   589.4  1572.0  7635.5  30024.9    30015  1714917162495  1714917172612
read      337.5   242.0   160.7   218.3   230.6   308.0   348.9   373.5   393.5   418.0   452.0   505.1   683.9  3394.0  8652.0  29946.6    30020  1714917174120  1714917184239
read      339.2   313.9   160.7   217.7   230.4   308.3   349.3   374.0   393.8   418.1   451.5   502.9   638.4  5220.6 11942.2  30076.2    30025  1714917185747  1714917195871
read      367.1   513.7   160.7   220.7   234.0   318.7   365.7   393.9   416.3   445.2   485.1   548.1   754.5  8848.9 19977.1  30050.0    30030  1714917197378  1714917207501
read      353.3   529.6   160.7   216.4   228.3   303.7   346.0   372.7   394.3   421.7   459.5   516.5   696.2  8922.1 20027.1  30100.6    30035  1714917209007  1714917219119
read      348.6   312.9   160.7   222.2   236.3   317.2   361.6   388.3   407.8   433.8   468.9   524.5   656.6  3681.2 12788.2  30067.5    30040  1714917220626  1714917230741
read      369.2   363.1   160.7   221.7   237.0   333.9   384.6   413.7   435.7   464.0   501.1   561.1   736.8  6422.9 15408.1  30007.5    30045  1714917232248  1714917242365
read      342.0   296.4   160.7   216.8   229.5   310.9   354.7   380.6   400.3   426.9   462.7   517.3   652.9  4607.6 12190.3  30066.4    30050  1714917243872  1714917253981
read      342.3   345.2   160.7   216.4   229.0   308.7   351.7   377.1   397.0   422.5   457.5   510.4   647.1  5267.0 13605.2  29986.6    30055  1714917255487  1714917265606
read      334.4   256.3   148.8   216.4   229.2   306.3   347.6   372.9   392.6   416.8   451.3   503.7   624.5  3456.9 10934.6  30041.9    30060  1714917267114  1714917277230
read      321.4   285.7   160.7   215.0   226.1   291.7   328.7   352.0   370.0   393.8   427.4   481.3   590.4  3651.9 12243.7  30025.3    30065  1714917278737  1714917288850
read      365.3   447.0   160.7   220.4   235.5   321.0   366.7   394.2   415.5   442.1   480.9   547.4   861.6  6665.0 23977.0  30075.9    30070  1714917290357  1714917300470
read      330.7   193.0   160.7   220.0   233.2   309.7   349.4   372.7   390.8   411.9   441.4   489.6   582.9  1935.2  8133.7  30118.0    30075  1714917301978  1714917312092
read      340.8   196.6   160.7   220.9   235.7   319.4   362.8   387.7   405.1   429.1   461.0   508.5   613.6  1796.0  8417.9  30010.0    30080  1714917313601  1714917323717
read      331.9   181.6   160.7   220.7   234.7   311.7   351.1   374.6   393.2   415.0   444.7   492.2   585.2  1495.0  8460.6  30038.1    30085  1714917325225  1714917335344
read      321.6   194.3   160.7   220.2   232.3   299.9   335.9   358.3   374.6   397.2   427.8   475.2   566.4  1489.9  8725.5  30088.2    30090  1714917336853  1714917346967
read      343.6   215.9   160.7   223.2   238.7   322.4   364.8   389.1   406.1   429.2   459.3   505.2   606.1  2306.1 10390.0  29997.8    30095  1714917348474  1714917358584
read      331.1   187.8   160.7   222.1   235.4   310.0   349.2   372.6   391.0   412.5   441.5   489.3   585.5  1854.3  8250.1  30125.0    30100  1714917360091  1714917370205
read      338.5   188.5   160.7   217.4   232.8   319.0   361.0   385.3   402.6   426.3   456.9   503.6   602.4  1801.0  8935.9  30171.9    30105  1714917371713  1714917381831
read      340.2   180.5   160.7   223.2   239.6   321.0   361.9   385.8   402.8   425.8   455.7   502.0   594.1  1248.6  8027.0  30091.3    30110  1714917383339  1714917393450
read      335.0   182.8   160.7   223.9   238.6   314.6   353.6   376.4   394.9   417.1   446.7   494.7   587.7  1567.9  8456.1  30132.7    30115  1714917394959  1714917405073
read      337.8   219.5   160.7   222.4   237.1   316.2   357.0   380.7   398.7   421.4   451.2   498.2   598.1  1785.9 10241.9  30174.7    30120  1714917406582  1714917416699
read      323.1   201.3   160.7   218.2   230.5   300.6   337.7   360.7   377.7   400.4   431.5   481.2   579.4  1841.6  8238.0  30088.8    30125  1714917418209  1714917428334
Connection.cc(491): Unexpected EOF from server.
Connection.cc(489): BEV_EVENT_ERROR for 100.96.3.4:11211 : Connection reset by peer
Connection.cc(491): Unexpected EOF from server.
