2024-05-09T12:49:54.284600 0.0 0.0 0.0 0.0
2024-05-09T12:49:55.285936 1.0 1.0 1.0 1.0
2024-05-09T12:49:56.287258 0.0 0.0 0.0 1.0
2024-05-09T12:49:57.288572 0.0 0.0 1.0 0.0
2024-05-09T12:49:58.289908 0.0 1.0 0.0 1.0
2024-05-09T12:49:59.291186 2.0 0.0 1.0 0.0
2024-05-09T12:50:00.292497 0.0 0.0 0.0 0.0
2024-05-09T12:50:01.293811 0.0 1.0 0.0 0.0
2024-05-09T12:50:02.295086 0.0 0.0 0.0 1.0
2024-05-09T12:50:03.296385 1.0 1.0 0.0 1.0
2024-05-09T12:50:04.297686 0.0 1.0 0.0 0.0
2024-05-09T12:50:05.299071 1.0 1.0 2.0 2.0
2024-05-09T12:50:06.300417 2.0 0.0 0.0 1.0
2024-05-09T12:50:07.301433 3.0 2.0 3.0 4.0
2024-05-09T12:50:08.301940 0.0 0.0 0.0 0.0
2024-05-09T12:50:09.303229 1.0 0.0 0.0 0.0
2024-05-09T12:50:10.304538 0.0 0.0 1.0 0.0
2024-05-09T12:50:11.305871 1.0 0.0 0.0 2.0
2024-05-09T12:50:12.307170 0.0 1.0 0.0 0.0
2024-05-09T12:50:13.308454 0.0 1.0 1.0 1.0
2024-05-09T12:50:14.309780 1.0 1.0 1.0 0.0
2024-05-09T12:50:15.311101 1.0 1.0 0.0 0.0
2024-05-09T12:50:16.312383 0.0 0.0 1.0 1.0
2024-05-09T12:50:17.313654 0.0 1.0 1.0 1.0
2024-05-09T12:50:18.313959 1.0 0.0 0.0 0.0
2024-05-09T12:50:19.315268 0.0 0.0 0.0 1.0
2024-05-09T12:50:20.316562 2.0 0.0 0.0 0.0
2024-05-09T12:50:21.317886 1.0 1.0 2.0 2.0
2024-05-09T12:50:22.319164 2.0 12.4 1.0 1.0
2024-05-09T12:50:23.320481 1.0 11.7 2.0 3.0
2024-05-09T12:50:24.321844 2.0 13.3 0.0 3.0
2024-05-09T12:50:25.323121 3.9 11.7 4.9 3.0
2024-05-09T12:50:26.324394 1.0 10.8 0.0 3.0
2024-05-09T12:50:27.325747 1.0 1.0 1.0 1.0
2024-05-09T12:50:28.327020 1.0 13.5 2.0 1.0
2024-05-09T12:50:29.328303 9.3 38.0 6.7 3.9
2024-05-09T12:50:30.329742 7.6 40.6 4.0 3.0
2024-05-09T12:50:31.331036 5.8 41.0 5.9 4.9
2024-05-09T12:50:32.332345 5.8 38.0 11.1 2.0
2024-05-09T12:50:33.333637 6.7 34.6 8.5 2.0
2024-05-09T12:50:34.334948 0.0 0.0 0.0 0.0
2024-05-09T12:50:35.336209 6.7 26.4 3.9 4.9
2024-05-09T12:50:36.337741 17.4 50.9 11.1 11.3
2024-05-09T12:50:37.339057 16.7 53.8 10.3 8.7
2024-05-09T12:50:38.340262 13.6 52.1 6.8 13.8
2024-05-09T12:50:39.341643 11.2 52.4 11.1 9.5
2024-05-09T12:50:40.342994 10.2 39.4 4.9 5.8
2024-05-09T12:50:41.344294 0.0 0.0 0.0 0.0
2024-05-09T12:50:42.345769 12.6 37.0 3.0 7.7
2024-05-09T12:50:43.347068 26.2 58.4 14.4 9.6
2024-05-09T12:50:44.348371 24.2 57.3 11.3 7.0
2024-05-09T12:50:45.349914 25.4 57.3 8.7 13.0
2024-05-09T12:50:46.351231 20.8 57.3 8.6 8.7
2024-05-09T12:50:47.352547 15.0 35.8 5.0 4.9
2024-05-09T12:50:48.353875 0.0 0.0 0.0 0.0
2024-05-09T12:50:49.355193 15.2 47.2 9.4 5.9
2024-05-09T12:50:50.355590 26.2 61.0 10.3 8.7
2024-05-09T12:50:51.356870 28.5 60.6 8.7 12.1
2024-05-09T12:50:52.358144 23.6 60.8 7.8 14.5
2024-05-09T12:50:53.359457 23.3 61.0 5.0 14.5
2024-05-09T12:50:54.360747 10.9 26.7 3.0 4.9
2024-05-09T12:50:55.361939 1.0 1.0 1.0 0.0
2024-05-09T12:50:56.363297 16.8 55.6 9.7 14.0
2024-05-09T12:50:57.364593 27.8 62.9 16.5 16.7
2024-05-09T12:50:58.366035 25.6 62.5 15.0 17.1
2024-05-09T12:50:59.367350 23.3 62.5 15.0 15.0
2024-05-09T12:51:00.368620 25.6 61.7 15.5 17.3
2024-05-09T12:51:01.369943 7.5 14.7 3.9 4.9
2024-05-09T12:51:02.370911 0.0 0.0 0.0 0.0
2024-05-09T12:51:03.371415 31.8 64.3 13.6 14.2
2024-05-09T12:51:04.372436 27.9 63.5 21.1 7.0
2024-05-09T12:51:05.373875 26.1 63.5 15.0 9.8
2024-05-09T12:51:06.375234 23.3 63.7 13.5 11.5
2024-05-09T12:51:07.376529 26.7 64.3 17.4 10.7
2024-05-09T12:51:08.377843 0.0 1.0 0.0 0.0
2024-05-09T12:51:09.379311 2.0 17.4 3.0 4.0
2024-05-09T12:51:10.380655 21.2 68.0 15.2 21.4
2024-05-09T12:51:11.382103 23.8 67.8 18.3 20.0
2024-05-09T12:51:12.383445 23.1 68.0 16.0 18.5
2024-05-09T12:51:13.384726 22.7 66.9 17.6 16.3
2024-05-09T12:51:14.385951 13.8 58.7 11.7 10.8
2024-05-09T12:51:15.387243 1.0 1.0 2.0 1.0
2024-05-09T12:51:16.388557 5.0 33.6 11.3 5.9
2024-05-09T12:51:17.390011 22.4 69.7 22.0 11.0
2024-05-09T12:51:18.391455 22.4 69.4 19.6 13.6
2024-05-09T12:51:19.392772 17.4 68.7 23.9 11.0
2024-05-09T12:51:20.394075 25.6 68.7 24.6 13.6
2024-05-09T12:51:21.395396 18.4 47.6 15.0 8.7
2024-05-09T12:51:22.396696 1.0 1.0 0.0 0.0
2024-05-09T12:51:23.398107 14.2 50.4 10.7 14.2
2024-05-09T12:51:24.399660 24.1 73.0 13.6 15.0
2024-05-09T12:51:25.401014 25.0 73.3 19.3 18.4
2024-05-09T12:51:26.402125 22.1 73.7 16.0 15.8
2024-05-09T12:51:27.403736 22.8 72.4 18.5 14.1
2024-05-09T12:51:28.405078 11.3 36.5 5.9 5.1
2024-05-09T12:51:29.406380 1.0 1.0 0.0 0.0
2024-05-09T12:51:30.407827 29.5 61.9 13.9 10.0
2024-05-09T12:51:31.409127 27.6 74.1 19.4 11.9
2024-05-09T12:51:32.410074 25.2 75.4 22.5 10.1
2024-05-09T12:51:33.411450 25.2 74.6 19.8 12.7
2024-05-09T12:51:34.412752 26.1 74.6 20.2 11.0
2024-05-09T12:51:35.414046 6.9 19.0 5.0 3.0
2024-05-09T12:51:36.415353 1.0 1.0 0.0 0.0
2024-05-09T12:51:37.416710 26.3 81.8 21.2 9.4
2024-05-09T12:51:38.418096 28.2 82.0 18.4 10.3
2024-05-09T12:51:39.419503 21.4 81.5 18.4 17.9
2024-05-09T12:51:40.420799 25.8 82.0 19.2 14.6
2024-05-09T12:51:41.422084 27.9 82.0 16.8 8.4
2024-05-09T12:51:42.423223 1.0 1.0 0.0 1.0
2024-05-09T12:51:43.424306 3.0 18.4 4.9 3.0
2024-05-09T12:51:44.425687 31.5 87.0 12.1 20.4
2024-05-09T12:51:45.427221 27.0 89.4 15.8 14.6
2024-05-09T12:51:46.428682 25.9 86.8 10.3 21.0
2024-05-09T12:51:47.430157 30.0 88.6 14.7 17.0
2024-05-09T12:51:48.431458 20.7 73.9 12.7 15.7
2024-05-09T12:51:49.432778 0.0 0.0 0.0 0.0
2024-05-09T12:51:50.434079 5.1 38.7 7.9 9.7
2024-05-09T12:51:51.435506 26.5 91.7 6.7 13.5
2024-05-09T12:51:52.436935 26.5 91.0 13.5 14.4
2024-05-09T12:51:53.438039 20.4 90.9 16.2 16.0
2024-05-09T12:51:54.439431 19.2 95.2 17.5 20.2
2024-05-09T12:51:55.440728 15.9 57.3 12.9 10.1
2024-05-09T12:51:56.441945 0.0 0.0 1.0 0.0
2024-05-09T12:51:57.443470 16.7 58.7 11.2 15.8
2024-05-09T12:51:58.444873 25.0 94.3 19.2 18.1
2024-05-09T12:51:59.446177 21.0 96.2 19.4 21.4
2024-05-09T12:52:00.447668 21.2 97.1 20.8 27.2
2024-05-09T12:52:01.449142 20.6 95.2 14.9 22.2
2024-05-09T12:52:02.449961 11.5 40.6 6.2 10.1
2024-05-09T12:52:03.451252 0.0 0.0 1.0 0.0
2024-05-09T12:52:04.452629 17.8 78.2 21.7 7.4
2024-05-09T12:52:05.454015 22.3 100.0 23.8 6.7
2024-05-09T12:52:06.455460 19.8 99.0 24.0 8.7
2024-05-09T12:52:07.456895 24.8 99.0 21.0 7.6
2024-05-09T12:52:08.458058 28.6 100.0 27.1 7.8
2024-05-09T12:52:09.459370 3.1 22.0 5.9 3.0
2024-05-09T12:52:10.460643 2.9 1.0 0.0 1.0
2024-05-09T12:52:11.462118 26.1 97.1 16.8 10.5
2024-05-09T12:52:12.463515 21.5 100.0 19.2 7.7
2024-05-09T12:52:13.464881 16.5 100.0 18.2 9.7
2024-05-09T12:52:14.466085 16.7 100.0 20.0 7.6
2024-05-09T12:52:15.467529 17.5 100.0 20.6 10.6
2024-05-09T12:52:16.468836 0.0 3.0 1.0 0.0
2024-05-09T12:52:17.470095 3.0 18.0 3.0 3.0
2024-05-09T12:52:18.471586 28.0 100.0 16.5 14.9
2024-05-09T12:52:19.472398 21.1 100.0 17.3 12.9
2024-05-09T12:52:20.473814 24.1 100.0 10.9 20.0
2024-05-09T12:52:21.475274 25.2 100.0 11.8 19.0
2024-05-09T12:52:22.476585 20.9 83.2 12.5 16.8
2024-05-09T12:52:23.477924 0.0 1.0 0.0 1.0
2024-05-09T12:52:24.479336 10.9 36.7 6.1 8.8
2024-05-09T12:52:25.480744 28.0 100.0 17.0 9.0
2024-05-09T12:52:26.482070 27.0 100.0 13.5 10.0
2024-05-09T12:52:27.483548 25.0 100.0 18.4 14.6
2024-05-09T12:52:28.484978 22.9 100.0 18.6 15.5
2024-05-09T12:52:29.486279 17.8 62.6 11.9 4.3
2024-05-09T12:52:30.487554 0.0 1.0 1.0 1.0
2024-05-09T12:52:31.489081 11.2 56.6 7.4 10.3
2024-05-09T12:52:32.490154 26.4 100.0 16.0 16.0
2024-05-09T12:52:33.491727 24.5 100.0 21.4 10.3
2024-05-09T12:52:34.493183 22.5 100.0 16.5 18.7
2024-05-09T12:52:35.494101 24.8 100.0 13.8 22.0
2024-05-09T12:52:36.495404 9.9 44.0 5.2 8.2
2024-05-09T12:52:37.496358 0.0 1.0 0.0 0.0
2024-05-09T12:52:38.497860 14.3 76.0 12.4 17.2
2024-05-09T12:52:39.499308 23.6 100.0 13.8 19.8
2024-05-09T12:52:40.500727 25.9 100.0 14.6 22.0
2024-05-09T12:52:41.502213 26.6 100.0 13.8 17.9
2024-05-09T12:52:42.503667 26.6 100.0 16.5 13.3
2024-05-09T12:52:43.505037 6.9 25.7 5.9 7.8
2024-05-09T12:52:44.505929 1.0 0.0 1.0 0.0
2024-05-09T12:52:45.507411 21.4 96.0 16.3 17.3
2024-05-09T12:52:46.508849 17.1 100.0 23.4 15.5
2024-05-09T12:52:47.510067 22.1 100.0 19.6 13.7
2024-05-09T12:52:48.511569 17.8 100.0 19.8 19.0
2024-05-09T12:52:49.513050 15.2 100.0 12.6 18.0
2024-05-09T12:52:50.514374 2.9 5.0 1.0 1.0
2024-05-09T12:52:51.515877 1.0 17.0 4.0 2.0
2024-05-09T12:52:52.517315 27.4 100.0 21.2 11.6
2024-05-09T12:52:53.518038 23.2 100.0 16.5 15.0
2024-05-09T12:52:54.519476 29.0 100.0 12.9 6.7
2024-05-09T12:52:55.520933 29.0 100.0 24.8 15.0
2024-05-09T12:52:56.522334 20.6 84.0 14.1 11.2
2024-05-09T12:52:57.523613 0.0 0.0 0.0 2.0
2024-05-09T12:52:58.525017 10.4 37.9 8.7 8.2
2024-05-09T12:52:59.526648 31.3 100.0 13.5 16.9
2024-05-09T12:53:00.528160 29.0 100.0 17.0 23.2
2024-05-09T12:53:01.529621 35.0 100.0 12.5 17.8
2024-05-09T12:53:02.531325 27.3 100.0 15.3 17.8
2024-05-09T12:53:03.532667 17.9 64.6 12.7 12.6
2024-05-09T12:53:04.533961 0.0 0.0 1.0 0.0
2024-05-09T12:53:05.535418 11.7 37.6 3.2 6.2
2024-05-09T12:53:06.536907 28.4 100.0 21.0 21.0
2024-05-09T12:53:07.538006 19.8 100.0 17.3 21.2
2024-05-09T12:53:08.539617 23.1 100.0 15.8 22.5
2024-05-09T12:53:09.541026 16.5 100.0 12.8 22.8
2024-05-09T12:53:10.541963 13.9 64.0 11.2 9.4
2024-05-09T12:53:11.543267 1.0 0.0 2.0 0.0
2024-05-09T12:53:12.544533 0.0 2.0 0.0 1.0
2024-05-09T12:53:13.545848 1.0 1.0 0.0 0.0
