2024-05-09T13:10:05.174245 0.0 0.0 0.0 0.0
2024-05-09T13:10:06.175604 2.0 0.0 0.0 2.0
2024-05-09T13:10:07.176950 1.0 0.0 0.0 0.0
2024-05-09T13:10:08.178278 0.0 0.0 0.0 0.0
2024-05-09T13:10:09.179589 1.0 0.0 2.0 0.0
2024-05-09T13:10:10.180918 0.0 1.0 0.0 1.0
2024-05-09T13:10:11.182236 0.0 0.0 1.0 0.0
2024-05-09T13:10:12.183573 0.0 0.0 0.0 0.0
2024-05-09T13:10:13.184909 1.0 0.0 0.0 1.0
2024-05-09T13:10:14.186227 1.0 0.0 0.0 0.0
2024-05-09T13:10:15.187531 0.0 2.0 0.0 0.0
2024-05-09T13:10:16.188821 0.0 1.0 0.0 0.0
2024-05-09T13:10:17.190182 1.0 2.0 1.0 1.0
2024-05-09T13:10:18.191465 4.0 2.0 4.0 5.0
2024-05-09T13:10:19.192774 0.0 0.0 0.0 0.0
2024-05-09T13:10:20.194065 0.0 0.0 0.0 0.0
2024-05-09T13:10:21.195380 1.0 3.9 1.0 0.0
2024-05-09T13:10:22.196734 0.0 0.0 0.0 0.0
2024-05-09T13:10:23.198103 1.0 1.0 1.0 1.0
2024-05-09T13:10:24.199446 1.0 0.0 0.0 0.0
2024-05-09T13:10:25.200798 1.0 0.0 1.0 0.0
2024-05-09T13:10:26.202130 0.0 0.0 1.0 1.0
2024-05-09T13:10:27.203422 0.0 0.0 2.0 0.0
2024-05-09T13:10:28.203749 0.0 1.0 0.0 0.0
2024-05-09T13:10:29.205078 0.0 1.0 0.0 0.0
2024-05-09T13:10:30.205403 1.0 0.0 0.0 2.0
2024-05-09T13:10:31.206727 1.0 1.0 1.0 1.0
2024-05-09T13:10:32.208030 0.0 0.0 0.0 0.0
2024-05-09T13:10:33.209398 2.0 2.0 3.1 1.0
2024-05-09T13:10:34.209964 2.0 3.0 5.1 0.0
2024-05-09T13:10:35.211268 1.0 0.0 6.2 1.0
2024-05-09T13:10:36.212558 1.0 3.1 2.1 1.0
2024-05-09T13:10:37.213894 1.0 2.1 2.0 1.0
2024-05-09T13:10:38.215216 1.0 0.0 0.0 0.0
2024-05-09T13:10:39.216506 2.0 3.0 12.0 0.0
2024-05-09T13:10:40.217859 5.9 4.9 26.9 1.0
2024-05-09T13:10:41.219161 6.8 5.9 26.9 3.0
2024-05-09T13:10:42.220438 7.6 23.1 16.1 4.9
2024-05-09T13:10:43.221819 6.8 25.6 9.6 3.0
2024-05-09T13:10:44.223165 3.0 4.9 22.9 2.0
2024-05-09T13:10:45.224466 0.0 0.0 0.0 0.0
2024-05-09T13:10:46.225938 7.6 4.9 25.8 6.7
2024-05-09T13:10:47.227285 13.5 38.8 20.9 11.2
2024-05-09T13:10:48.228578 19.5 12.1 45.7 8.7
2024-05-09T13:10:49.229986 11.1 13.6 42.4 11.2
2024-05-09T13:10:50.231300 15.8 33.3 29.9 11.2
2024-05-09T13:10:51.232626 5.8 23.1 20.3 5.0
2024-05-09T13:10:52.233980 1.0 1.0 0.0 1.0
2024-05-09T13:10:53.234762 3.0 8.7 40.4 10.4
2024-05-09T13:10:54.236046 7.6 49.7 27.2 15.0
2024-05-09T13:10:55.237573 9.4 33.1 39.6 17.7
2024-05-09T13:10:56.238091 12.6 17.1 53.0 15.0
2024-05-09T13:10:57.239394 7.6 8.7 54.7 11.4
2024-05-09T13:10:58.240715 5.8 13.0 21.4 4.9
2024-05-09T13:10:59.242012 1.0 1.0 0.0 0.0
2024-05-09T13:11:00.243300 14.4 50.0 16.5 5.9
2024-05-09T13:11:01.244615 13.8 53.8 23.5 8.8
2024-05-09T13:11:02.246022 17.5 21.9 55.0 9.5
2024-05-09T13:11:03.247327 14.5 32.8 47.3 7.9
2024-05-09T13:11:04.248609 13.8 47.9 33.9 13.0
2024-05-09T13:11:05.249939 2.9 15.9 4.8 2.0
2024-05-09T13:11:06.251268 2.0 1.0 1.0 0.0
2024-05-09T13:11:07.252564 18.0 54.5 26.7 8.7
2024-05-09T13:11:08.253965 17.3 53.3 27.5 8.7
2024-05-09T13:11:09.255262 18.0 17.3 60.0 5.9
2024-05-09T13:11:10.256528 17.1 28.0 54.6 7.8
2024-05-09T13:11:11.257887 18.0 22.2 60.0 9.5
2024-05-09T13:11:12.258501 0.0 0.0 0.0 0.0
2024-05-09T13:11:13.259795 3.0 16.5 3.0 3.0
2024-05-09T13:11:14.261077 18.0 43.8 44.9 12.4
2024-05-09T13:11:15.262027 10.8 24.3 58.9 13.2
2024-05-09T13:11:16.263388 12.5 32.5 54.8 12.3
2024-05-09T13:11:17.264686 15.0 16.8 61.7 12.4
2024-05-09T13:11:18.265987 11.4 50.0 21.2 11.4
2024-05-09T13:11:19.267305 1.0 0.0 1.0 0.0
2024-05-09T13:11:20.268592 7.7 32.8 3.0 5.0
2024-05-09T13:11:21.270054 20.9 64.2 16.7 15.4
2024-05-09T13:11:22.271393 14.6 39.4 48.5 14.3
2024-05-09T13:11:23.272324 21.1 12.4 66.2 13.5
2024-05-09T13:11:24.272596 19.4 57.6 28.7 12.7
2024-05-09T13:11:25.273904 12.4 47.4 10.4 11.4
2024-05-09T13:11:26.275209 0.0 1.0 0.0 1.0
2024-05-09T13:11:27.276493 5.1 28.6 30.2 7.8
2024-05-09T13:11:28.277936 15.4 16.3 68.5 12.5
2024-05-09T13:11:29.279318 19.8 11.1 68.0 9.1
2024-05-09T13:11:30.280072 11.0 13.0 68.0 12.5
2024-05-09T13:11:31.281511 17.8 15.5 68.5 14.3
2024-05-09T13:11:32.281978 4.0 7.9 36.7 7.8
2024-05-09T13:11:33.283288 0.0 0.0 1.0 0.0
2024-05-09T13:11:34.284567 13.1 46.2 27.7 7.4
2024-05-09T13:11:35.286113 18.0 18.1 70.1 16.7
2024-05-09T13:11:36.287609 15.1 15.7 69.9 15.2
2024-05-09T13:11:37.288792 15.9 20.8 68.3 15.8
2024-05-09T13:11:38.290183 18.0 27.3 64.3 8.4
2024-05-09T13:11:39.291525 5.8 14.2 15.9 5.0
2024-05-09T13:11:40.292801 1.0 0.0 0.0 1.0
2024-05-09T13:11:41.294053 21.2 20.0 70.5 12.4
2024-05-09T13:11:42.295430 14.6 17.1 76.2 9.9
2024-05-09T13:11:43.296738 16.7 19.6 78.3 8.1
2024-05-09T13:11:44.297985 15.5 39.1 59.5 12.6
2024-05-09T13:11:45.299443 15.8 23.9 73.4 7.1
2024-05-09T13:11:46.300785 3.0 6.0 2.0 3.9
2024-05-09T13:11:47.302075 1.0 3.0 13.5 1.0
2024-05-09T13:11:48.303506 14.0 41.7 61.0 10.1
2024-05-09T13:11:49.304902 27.4 25.2 77.2 9.0
2024-05-09T13:11:50.306021 24.3 45.5 61.2 9.1
2024-05-09T13:11:51.307416 24.6 79.4 20.0 11.0
2024-05-09T13:11:52.308760 23.5 69.1 21.1 9.0
2024-05-09T13:11:53.310098 0.0 1.0 0.0 0.0
2024-05-09T13:11:54.311531 5.0 7.0 31.1 3.1
2024-05-09T13:11:55.312828 24.1 63.7 44.1 14.9
2024-05-09T13:11:56.314028 21.5 84.0 23.4 14.3
2024-05-09T13:11:57.315392 21.3 76.5 28.8 16.5
2024-05-09T13:11:58.316741 25.2 84.0 18.4 20.6
2024-05-09T13:11:59.318100 16.7 33.3 42.9 9.9
2024-05-09T13:12:00.319412 1.0 0.0 0.0 0.0
2024-05-09T13:12:01.320831 15.3 35.8 22.5 8.3
2024-05-09T13:12:02.322158 22.8 31.2 80.4 16.8
2024-05-09T13:12:03.323761 19.3 91.6 22.2 21.6
2024-05-09T13:12:04.325082 16.8 87.1 20.8 19.6
2024-05-09T13:12:05.326156 25.6 86.2 17.3 18.7
2024-05-09T13:12:06.327511 12.8 45.0 9.9 11.0
2024-05-09T13:12:07.328860 0.0 1.0 0.0 0.0
2024-05-09T13:12:08.330280 10.5 68.9 15.5 7.4
2024-05-09T13:12:09.331759 20.9 95.3 23.3 18.6
2024-05-09T13:12:10.333301 18.8 96.1 23.1 15.3
2024-05-09T13:12:11.334082 17.3 98.0 25.0 15.5
2024-05-09T13:12:12.335284 18.8 60.6 62.0 11.8
2024-05-09T13:12:13.336663 7.6 16.8 19.6 7.8
2024-05-09T13:12:14.337953 0.0 0.0 1.0 0.0
2024-05-09T13:12:15.339349 16.7 88.1 8.2 23.3
2024-05-09T13:12:16.340926 24.3 100.0 13.0 24.2
2024-05-09T13:12:17.342174 19.6 100.0 14.7 26.0
2024-05-09T13:12:18.343600 25.0 98.0 7.3 26.2
2024-05-09T13:12:19.345007 23.2 85.0 29.0 18.3
2024-05-09T13:12:20.346377 4.0 3.0 11.8 2.0
2024-05-09T13:12:21.347808 2.0 11.9 2.0 4.0
2024-05-09T13:12:22.348846 20.6 87.4 33.7 16.0
2024-05-09T13:12:23.350112 19.8 31.0 86.1 18.0
2024-05-09T13:12:24.351614 28.2 93.9 32.0 20.4
2024-05-09T13:12:25.353111 24.8 100.0 26.3 16.8
2024-05-09T13:12:26.354460 19.1 91.1 26.3 21.8
2024-05-09T13:12:27.355811 1.0 1.0 1.0 1.0
2024-05-09T13:12:28.357331 4.1 30.0 3.1 8.1
2024-05-09T13:12:29.358118 16.7 100.0 22.9 29.8
2024-05-09T13:12:30.359691 20.6 100.0 20.8 25.0
2024-05-09T13:12:31.361269 19.8 100.0 19.2 24.5
2024-05-09T13:12:32.362069 10.1 100.0 21.6 28.4
2024-05-09T13:12:33.363410 14.0 71.0 13.1 14.6
2024-05-09T13:12:34.364735 0.0 1.0 0.0 0.0
2024-05-09T13:12:35.366173 8.0 49.5 11.9 8.2
2024-05-09T13:12:36.366795 14.4 100.0 20.4 16.5
2024-05-09T13:12:37.368269 16.8 100.0 21.6 9.9
2024-05-09T13:12:38.369730 23.4 29.7 93.1 15.3
2024-05-09T13:12:39.371165 17.8 23.5 100.0 15.6
2024-05-09T13:12:40.372054 14.3 12.9 51.5 9.9
2024-05-09T13:12:41.372342 1.0 1.0 1.0 1.0
2024-05-09T13:12:42.373796 8.4 31.6 46.9 11.1
2024-05-09T13:12:43.375363 16.8 100.0 33.7 18.2
2024-05-09T13:12:44.376065 26.6 100.0 28.6 19.0
2024-05-09T13:12:45.377573 21.0 100.0 32.0 18.2
2024-05-09T13:12:46.378163 19.8 100.0 30.9 17.3
2024-05-09T13:12:47.379500 8.8 31.3 10.9 7.0
2024-05-09T13:12:48.380818 0.0 0.0 0.0 1.0
2024-05-09T13:12:49.382092 13.0 88.2 12.4 14.7
2024-05-09T13:12:50.383495 17.6 100.0 16.0 21.2
2024-05-09T13:12:51.384969 15.0 100.0 15.2 18.7
2024-05-09T13:12:52.386167 17.5 100.0 17.0 16.0
2024-05-09T13:12:53.387728 15.8 100.0 14.3 18.8
2024-05-09T13:12:54.389080 3.0 13.0 4.0 4.9
2024-05-09T13:12:55.390493 2.0 7.1 1.0 0.0
2024-05-09T13:12:56.392069 18.4 100.0 20.6 18.9
2024-05-09T13:12:57.393521 17.8 100.0 20.8 21.2
2024-05-09T13:12:58.394104 24.3 100.0 24.0 16.8
2024-05-09T13:12:59.395626 18.4 100.0 19.2 16.8
2024-05-09T13:13:00.396940 20.6 92.0 19.0 23.1
2024-05-09T13:13:01.398292 0.0 1.0 0.0 1.0
2024-05-09T13:13:02.399743 6.1 27.3 5.1 1.0
2024-05-09T13:13:03.401239 20.6 100.0 29.8 12.5
2024-05-09T13:13:04.402087 17.4 100.0 30.5 10.6
2024-05-09T13:13:05.403548 17.9 100.0 28.0 10.6
2024-05-09T13:13:06.405049 25.2 100.0 25.5 14.3
2024-05-09T13:13:07.406380 24.5 73.3 18.4 7.4
2024-05-09T13:13:08.407701 0.0 0.0 1.0 0.0
2024-05-09T13:13:09.409200 5.1 48.0 7.1 3.2
2024-05-09T13:13:10.410098 16.7 100.0 20.6 19.4
2024-05-09T13:13:11.411678 14.7 100.0 19.2 24.0
2024-05-09T13:13:12.413199 18.1 100.0 20.0 16.1
2024-05-09T13:13:13.414664 19.6 100.0 20.0 14.0
2024-05-09T13:13:14.416046 8.1 53.5 9.2 11.1
2024-05-09T13:13:15.417356 0.0 0.0 0.0 1.0
2024-05-09T13:13:16.418079 12.1 18.0 67.0 12.2
2024-05-09T13:13:17.419472 21.6 27.9 100.0 12.8
2024-05-09T13:13:18.420874 22.1 24.8 100.0 16.5
2024-05-09T13:13:19.422209 21.7 25.0 100.0 14.9
2024-05-09T13:13:20.423816 23.8 26.0 100.0 13.5
2024-05-09T13:13:21.424540 7.9 9.0 34.7 6.1
2024-05-09T13:13:22.425892 2.0 1.0 0.0 0.0
2024-05-09T13:13:23.427167 0.0 0.0 0.0 0.0
2024-05-09T13:13:24.428440 0.0 0.0 0.0 1.0
