2024-05-08T07:36:02.193907 0.0 0.0 0.0 0.0
2024-05-08T07:36:07.199271 0.4 0.6 0.6 1.2
2024-05-08T07:36:12.204688 0.8 1.2 0.8 1.1
2024-05-08T07:36:17.210042 1.0 0.8 0.4 2.6
2024-05-08T07:36:22.215415 0.6 1.4 1.2 4.2
2024-05-08T07:36:27.220802 1.4 2.0 1.5 10.6
2024-05-08T07:36:32.225446 6.2 6.0 5.7 35.6
2024-05-08T07:36:37.229500 9.1 4.1 5.6 38.1
2024-05-08T07:36:42.233484 9.9 5.6 8.3 42.0
2024-05-08T07:36:47.238898 11.9 8.0 8.7 50.2
2024-05-08T07:36:52.243809 14.3 9.4 7.9 59.0
2024-05-08T07:36:57.249347 12.3 8.3 4.9 50.0
2024-05-08T07:37:02.253560 12.1 7.7 5.1 51.6
2024-05-08T07:37:07.258998 18.7 9.0 7.1 67.1
2024-05-08T07:37:12.261572 13.3 10.5 9.6 65.3
2024-05-08T07:37:17.265534 12.0 7.8 7.7 56.6
2024-05-08T07:37:22.269716 15.1 7.9 6.1 57.7
2024-05-08T07:37:27.275292 19.6 17.8 11.0 85.3
2024-05-08T07:37:32.277604 16.7 10.5 11.3 66.6
2024-05-08T07:37:37.281752 15.1 7.9 8.6 63.0
2024-05-08T07:37:42.287101 15.3 8.8 7.6 65.7
2024-05-08T07:37:47.289538 18.9 12.6 13.0 99.0
2024-05-08T07:37:52.293563 16.0 10.9 12.0 64.5
2024-05-08T07:37:57.297450 14.9 7.8 8.9 64.3
2024-05-08T07:38:02.302949 18.4 10.5 8.3 73.3
2024-05-08T07:38:07.305487 21.7 12.3 7.9 91.4
2024-05-08T07:38:12.309674 16.4 9.7 8.7 64.7
2024-05-08T07:38:17.313604 18.5 10.5 10.1 64.2
2024-05-08T07:38:22.318978 22.7 15.9 10.2 81.1
2024-05-08T07:38:27.321552 23.4 11.6 14.6 83.6
2024-05-08T07:38:32.325462 16.7 9.9 11.8 64.7
2024-05-08T07:38:37.329458 15.0 12.0 12.9 65.0
2024-05-08T07:38:42.334902 20.8 15.6 14.4 88.4
2024-05-08T07:38:47.337525 15.6 9.8 12.1 76.2
2024-05-08T07:38:52.342079 13.7 10.2 11.2 64.6
2024-05-08T07:38:57.345500 13.5 5.5 11.4 60.1
2024-05-08T07:39:02.349362 0.8 0.8 0.8 0.6
2024-05-08T07:39:07.353489 0.4 0.8 0.8 0.8
2024-05-08T07:39:12.358884 1.0 0.4 0.6 0.6
2024-05-08T07:39:17.364304 0.0 0.6 0.4 0.2
