Random waveform, supplied seed
Total number of intervals = 180 (7434, 67201, 85927, 63953, 31595, 87879, 7287, 62295, 6561, 22532, 60653, 59076, 60154, 22964, 8172, 27652, 37594, 24367, 33771, 84944, 85666, 51918, 34406, 28664, 38289, 20658, 13840, 93419, 98284, 71313, 42089, 46458, 30755, 42889, 93552, 65694, 29574, 51355, 67361, 16287, 81508, 87619, 99068, 51267, 11822, 97494, 97350, 55460, 85984, 82043, 52873, 13911, 49984, 9274, 27187, 18735, 86505, 93039, 75999, 32324, 84255, 81759, 37291, 53818, 30297, 31569, 38927, 10652, 98119, 48176, 34929, 69735, 20753, 84642, 42333, 61587, 77998, 97625, 23781, 66723, 31016, 47394, 95335, 5252, 65908, 16889, 42912, 99898, 26385, 22616, 50605, 90283, 26273, 48521, 34058, 75648, 19482, 15054, 75754, 5187, 17656, 96343, 36665, 85269, 31525, 61798, 12253, 25710, 79937, 7271, 85861, 91467, 72217, 31080, 76878, 84584, 12492, 57106, 96245, 6791, 90728, 5151, 82969, 42635, 99337, 95192, 69200, 49459, 29055, 64324, 5705, 84816, 23714, 74116, 19948, 44213, 19454, 7190, 47657, 44399, 6481, 5807, 83137, 9580, 37385, 33706, 35204, 50438, 48878, 42682, 27416, 64424, 64364, 5481, 26227, 26586, 86286, 24452, 26832, 29795, 46224, 84587, 63389, 46953, 90536, 12508, 38491, 97806, 11813, 39665, 53571, 63215, 78767, 8615, 67903, 16398, 53434, 38068, 9130, 69227)
Average QPS expected = 49317
Timestamp start: 1715347866985
Timestamp end: 1715348767616

#type       avg     std     min      p5     p10     p50     p67     p75     p80     p85     p90     p95     p99    p999   p9999      QPS   target
read      379.7   454.9   173.5   229.3   246.7   352.7   383.8   399.3   411.1   425.3   441.9   470.5   636.1  9069.7 15436.8   7383.0     7434
read      388.0   279.8   160.7   218.8   231.1   347.7   417.3   459.1   491.9   532.2   582.8   656.0   845.5  2517.8 14039.4  66984.0    67201
read      398.9   258.5   160.7   223.8   239.3   364.0   430.6   469.6   500.4   537.5   586.1   663.6   870.1  2099.7  9901.8  86048.4    85927
read      394.4   221.2   173.5   219.7   232.9   359.2   431.5   473.8   507.8   548.5   600.7   674.8   821.6  1725.7  7975.3  63980.2    63953
read      406.7   387.7   173.5   215.3   228.0   353.5   443.0   496.0   531.8   569.9   614.9   683.8  1078.4  4095.5 12238.6  31663.2    31595
read      657.7   423.6   173.5   275.4   327.4   575.0   694.3   831.7   925.1  1009.5  1089.0  1187.1  1388.3  4984.3 12243.2  87686.2    87879
read      369.0   379.7   173.5   229.6   247.8   352.0   383.1   398.9   410.5   424.6   440.5   469.6   590.6  4376.2 13832.4   7355.6     7287
read      378.2   198.3   160.7   217.5   229.6   341.3   410.9   453.1   486.2   528.5   580.9   647.2   776.9  1493.7  8536.9  62225.6    62295
read      397.9   877.9   187.4   230.0   250.2   350.1   379.9   396.1   407.3   423.1   440.8   473.2  1091.6  7888.8 32467.2   6615.2     6561
read      513.9   758.3   173.5   215.3   229.4   429.9   545.3   618.2   676.9   741.5   816.7   928.5  1271.7 14399.2 29660.5  22482.6    22532
read      406.2   304.5   160.7   218.2   230.9   353.9   426.8   470.5   507.6   554.0   614.1   696.4  1357.9  3457.8  8843.4  60640.2    60653
read      392.2   221.9   160.7   218.8   231.1   352.3   424.7   467.9   504.1   549.7   606.6   677.5   843.5  2067.1  5639.0  59055.0    59076
read      397.9   289.6   160.7   218.7   230.9   354.2   427.0   469.4   504.8   549.0   605.5   681.4   926.2  3131.4 10254.6  59967.8    60154
read      417.9   298.1   173.5   216.1   229.0   374.0   468.2   512.9   542.5   575.8   619.4   717.8  1072.5  3816.7 12040.8  22975.6    22964
read      392.9   396.7   173.5   224.1   240.6   367.9   408.3   431.4   449.9   470.9   504.0   556.9   770.0  6011.6 13868.1   8156.8     8172
read      392.9   308.6   173.5   216.7   228.7   345.7   440.9   489.2   519.4   549.8   585.0   634.2   784.1  3477.6  9835.9  27491.4    27652
read      390.7   217.7   173.5   216.9   229.3   347.5   431.7   483.2   519.9   559.4   603.9   662.8   786.0  2552.9  7731.9  37511.4    37594
read      393.4   239.2   160.7   219.2   231.6   360.8   452.2   495.7   523.5   551.5   584.7   629.4   725.5  1683.8 10424.7  24325.4    24367
read      388.2   197.3   173.5   216.2   228.6   344.8   435.0   487.9   523.6   561.3   602.3   656.4   761.6  1489.5  7092.0  33550.6    33771
read      380.5   199.9   160.7   221.8   235.8   349.2   413.5   451.6   480.1   515.1   562.5   633.0   782.2  1525.1  7291.3  85020.0    84944
read      382.5   169.0   160.7   222.6   237.2   353.7   418.5   456.4   485.2   520.3   566.2   636.0   784.2  1247.6  5379.7  85556.6    85666
read      391.4   202.3   160.7   220.0   232.6   354.1   429.3   474.1   509.6   551.1   601.1   668.4   794.6  1680.1  7651.1  51902.8    51918
read      397.0   219.5   173.5   218.6   230.7   354.4   442.8   495.3   532.5   571.4   613.4   668.9   788.5  1964.6  8036.4  34385.0    34406
read      424.3   266.5   160.7   220.2   232.8   367.7   468.3   524.5   561.3   600.5   649.1   749.5  1192.8  2607.9  7870.0  28713.2    28664
read      401.4   201.4   173.5   219.7   232.6   361.5   443.1   495.8   534.7   577.0   624.7   687.2   839.8  1589.7  6960.8  38200.4    38289
read      424.7   287.1   173.5   220.5   232.8   388.9   477.3   519.3   546.3   579.8   627.2   739.7  1037.8  3702.0  8278.0  20720.4    20658
read      476.5   664.2   173.5   221.2   234.7   416.9   498.8   548.9   587.5   631.9   685.6   766.5  1347.2  7398.7 31946.8  13834.8    13840
read      442.7   313.6   160.7   236.0   256.4   400.7   470.7   513.7   547.5   590.2   648.3   744.9  1015.3  3963.3  8407.4  93528.6    93419
read      490.2   259.9   173.5   247.9   275.1   442.9   524.2   578.0   623.2   684.4   771.2   893.6  1095.2  2149.9  7830.4  98290.6    98284
read      400.3   296.6   173.5   222.3   236.6   361.3   434.2   477.3   509.2   547.9   597.9   673.2   845.0  2835.9 10229.2  71375.8    71313
read      403.6   233.2   173.5   220.3   233.1   364.6   442.0   491.5   530.2   574.4   624.0   689.2   838.8  1919.4  7978.9  41847.6    42089
read      404.2   243.1   173.5   220.6   234.1   365.3   442.5   490.9   528.9   573.6   625.1   692.1   848.8  1832.4 10495.1  46686.0    46458
read      424.5   356.9   173.5   219.3   232.0   362.4   461.6   519.6   557.6   597.8   646.6   742.0  1222.6  3553.3  9911.7  30696.6    30755
read      407.6   273.0   160.7   221.2   234.6   367.1   445.5   495.1   533.2   576.7   626.2   690.1   853.2  2403.8  9218.5  42692.2    42889
read      424.1   283.9   160.7   232.2   250.8   389.2   457.2   497.5   528.6   567.1   621.9   720.6   971.0  2301.7  8624.2  93300.8    93552
read      399.2   224.5   173.5   222.3   236.0   361.0   434.9   478.6   512.1   553.0   604.6   678.8   842.0  2650.3  7428.7  65541.0    65694
read      420.0   269.6   173.5   221.0   234.0   367.0   466.7   523.8   560.3   597.9   641.2   719.0  1107.6  3004.6  9173.4  29641.2    29574
read      402.6   262.3   160.7   221.8   235.3   363.6   437.7   484.7   522.1   565.9   617.8   687.2   845.3  1932.2  9340.5  51305.6    51355
read      398.6   220.5   173.5   222.5   236.8   361.5   433.8   477.0   510.1   550.4   601.2   677.3   862.5  2007.2  7571.8  67529.0    67361
read      401.5   320.6   173.5   225.6   239.7   388.7   455.5   487.2   507.2   530.1   555.1   591.9   705.6  2744.0 13912.1  16286.0    16287
read      400.7   252.2   173.5   226.1   242.2   366.9   434.7   474.6   504.8   541.0   587.8   662.6   837.0  2194.4 11768.9  81309.2    81508
read      404.9   409.0   173.5   227.7   244.7   371.1   435.8   474.3   504.1   540.4   587.6   665.4   855.0  2442.4 12170.9  87619.8    87619
read      442.2   246.9   160.7   237.7   259.5   405.1   475.9   520.1   553.9   597.3   659.3   764.9   995.2  2028.0  9206.2  98902.2    99068
read      401.8   394.4   173.5   218.9   231.5   358.8   434.9   479.2   512.0   551.3   599.0   671.9   863.0  3916.0 14019.4  51244.2    51267
read      397.8   298.1   173.5   224.0   237.8   387.4   438.8   464.0   482.0   502.4   529.4   571.2   713.0  4827.7 10072.9  11897.2    11822
read      439.1   300.2   173.5   239.0   261.3   403.8   472.0   513.5   544.8   584.1   636.3   725.3   941.7  2776.0 13961.8  97315.0    97494
read      481.8   534.4   173.5   245.1   271.0   425.4   500.8   547.3   583.9   628.2   686.2   780.5  1094.8  8470.2 27523.7  97396.6    97350
read      401.2   240.9   173.5   220.1   233.0   357.0   434.7   481.1   516.6   560.1   613.7   686.8   958.7  2310.8  7781.3  55367.4    55460
read      368.6   473.4   173.5   220.3   232.9   338.5   398.4   433.3   460.9   495.3   541.3   611.1   739.9  1250.9  6201.9  85913.6    85984
read      419.9   294.9   173.5   224.4   240.1   368.9   441.3   486.9   522.7   567.1   626.6   731.6  1260.3  3714.4  9137.7  82071.0    82043
read      401.7   240.8   160.7   220.5   233.9   361.5   434.9   481.4   519.0   565.0   620.6   691.1   858.8  2163.7  9551.8  52772.0    52873
read      404.4   364.3   173.5   222.4   235.2   390.3   449.8   477.5   496.3   517.0   542.7   584.8   779.2  5710.2 12671.2  14045.8    13911
read      404.9   240.7   173.5   221.6   235.2   362.6   437.4   485.6   524.6   571.8   626.9   696.4   930.9  1840.6  7970.9  50141.2    49984
read      422.4   634.9   173.5   226.6   241.7   379.3   421.2   443.0   458.7   476.1   502.5   554.6  1499.9  8123.2 30395.8   9300.8     9274
read      434.1   328.8   173.5   220.1   232.4   368.1   476.3   532.7   568.7   609.3   665.3   821.7  1215.4  3599.2 10716.9  27213.2    27187
read      436.3   477.1   173.5   221.8   234.1   397.3   480.5   520.1   546.4   578.3   621.9   718.1  1062.1  5433.1 28374.7  18680.8    18735
read      428.1   411.9   173.5   227.6   244.3   375.9   442.9   482.5   512.5   550.4   603.9   692.8  1526.7  5658.2 14073.4  86440.4    86505
read      406.6   316.0   173.5   230.1   247.4   374.1   436.3   472.9   502.2   537.5   583.8   658.2   853.0  3030.9 10804.1  93058.8    93039
read      400.7   644.3   173.5   223.8   238.9   362.7   432.1   473.2   504.6   543.1   592.9   672.7   868.3  2171.3  9471.6  76124.4    75999
read      411.7   308.0   160.7   219.6   232.1   358.9   456.0   513.9   551.8   590.9   633.3   687.9   879.0  4162.5  8709.8  32470.8    32324
read      400.6   231.8   173.5   225.3   240.7   363.9   430.3   468.8   498.8   535.5   584.3   662.7   975.3  2287.0  8380.4  84292.2    84255
read      402.7   293.3   173.5   224.5   240.0   364.3   431.0   470.4   501.4   538.7   588.0   666.7   892.6  3755.2 12225.9  81593.4    81759
read      409.7   352.4   173.5   221.0   234.0   357.1   443.9   501.8   543.4   587.1   634.1   696.0   926.6  2423.9 17035.1  37298.6    37291
read      403.7   338.4   173.5   222.0   235.1   360.6   433.3   477.4   513.1   558.1   612.6   683.3   849.8  3509.4 12665.4  53759.2    53818
read      428.6   287.7   173.5   220.2   232.8   365.2   471.2   531.2   569.2   610.1   661.5   773.4  1185.2  3311.6 10579.9  30433.4    30297
read      438.4   498.0   173.5   220.6   233.2   362.1   465.1   525.4   564.4   605.2   654.2   745.4  1321.3  6366.7 19486.3  31329.8    31569
read      402.3   210.3   173.5   220.3   232.9   357.8   441.0   495.8   536.8   581.0   629.1   689.5   853.7  1890.5  6354.5  38891.2    38927
read      409.0   553.1   187.4   226.2   240.4   385.4   430.4   453.5   468.5   488.2   509.4   551.3   832.0  5988.0 31417.1  10595.4    10652
read      462.2   412.9   173.5   241.4   263.2   410.7   481.2   525.1   558.1   598.5   656.5   757.9  1573.7  5568.3 11948.1  98099.6    98119
read      415.7   306.8   173.5   223.1   237.2   372.9   451.2   500.5   538.7   582.9   635.0   708.2   909.0  3411.3 10690.8  48121.4    48176
read      413.5   427.2   173.5   220.6   233.3   359.1   448.4   506.4   546.5   587.2   631.6   689.9   865.9  4364.0 17399.9  34906.6    34929
read      402.6   273.1   173.5   223.5   237.4   360.7   432.3   474.2   506.8   546.6   598.0   676.7   904.5  3806.8 10074.3  69532.0    69735
read      405.2   294.8   173.5   220.9   232.7   374.7   465.1   506.2   531.9   558.9   589.6   635.8   792.0  3747.8 10947.7  20918.6    20753
read      397.9   282.4   173.5   225.2   240.7   361.3   426.8   466.0   496.7   533.6   581.5   654.5   855.3  2642.5 11657.3  84814.2    84642
read      408.1   238.7   173.5   221.4   234.6   362.3   444.8   497.8   538.8   583.4   633.4   699.8   937.0  2032.4  7950.0  42275.2    42333
read      403.0   270.0   173.5   221.4   235.1   362.8   435.7   479.9   513.7   555.4   609.7   684.8   904.4  2753.7 10644.1  61668.6    61587
read      401.7   281.0   173.5   224.4   239.5   365.0   434.1   474.2   505.2   543.5   592.6   671.1   876.1  2306.9  8459.8  78060.2    77998
read      420.3   334.7   173.5   236.5   255.6   387.8   451.2   489.1   517.5   551.1   597.0   674.5   868.1  3423.5  9961.1  97531.2    97625
read      460.4   375.3   173.5   219.8   232.3   396.5   506.5   560.1   598.5   651.5   744.5   899.1  1216.0  4424.8 15424.1  23828.2    23781
read      418.1   316.1   173.5   222.7   236.9   366.0   440.6   485.7   520.3   563.6   620.9   708.5  1497.6  3480.4 11944.7  66586.6    66723
read      419.5   286.8   173.5   219.7   231.9   359.0   464.0   523.3   560.9   599.9   645.3   726.6  1131.5  3568.1 10069.0  30969.0    31016
read      414.3   331.2   160.7   222.6   236.6   368.7   448.7   499.0   538.3   583.9   636.4   709.2   909.6  2453.1 10563.6  47395.4    47394
read      412.1   255.2   173.5   232.5   250.7   380.6   446.0   484.7   513.3   548.3   595.4   673.8   867.7  2142.2  8608.4  95318.2    95335
read      370.0   386.2   187.4   235.8   259.1   341.7   369.1   384.9   395.8   408.2   427.8   462.3   734.2  6314.5 15278.9   5290.2     5252
read      404.2   424.0   173.5   221.6   234.8   358.9   432.0   474.2   507.0   547.0   598.6   676.7   889.0  3768.9 21908.3  65817.0    65908
read      407.7   350.0   173.5   221.9   234.3   385.8   456.6   488.7   509.0   533.2   561.6   606.4   861.8  4516.0 12548.0  16920.2    16889
read      414.0   391.0   160.7   219.9   232.7   358.3   440.7   495.5   536.6   582.3   633.1   700.2  1065.3  4057.4 12884.0  42664.6    42912
read      424.5   381.8   173.5   233.0   252.1   385.5   450.4   488.9   517.7   552.1   599.8   680.4   934.3  4499.8 13099.8  99946.4    99898
read      429.2   312.6   173.5   218.9   231.2   372.0   477.4   529.4   563.2   599.3   646.5   767.4  1166.1  4497.5 10919.2  26375.6    26385
read      478.4   555.1   173.5   219.6   232.1   409.8   513.1   569.4   612.6   672.2   759.8   899.3  1240.7  6105.5 29343.6  22691.6    22616
read      407.3   302.9   173.5   219.6   232.1   354.8   429.9   477.6   518.1   567.6   624.4   697.6  1240.1  3384.9  7852.3  50660.4    50605
read      394.4   332.1   160.7   224.4   239.8   359.1   421.4   458.8   487.4   522.1   568.2   638.4   824.3  3549.5 13528.0  90379.0    90283
read      409.3   265.0   173.5   217.7   229.2   360.2   460.8   511.9   543.1   577.0   617.5   686.9  1052.8  3552.9 10178.1  26197.2    26273
read      399.1   251.9   173.5   219.8   232.5   356.0   432.0   480.2   519.4   566.0   618.2   683.5   846.7  2479.3 10611.2  48529.6    48521
read      419.6   375.0   173.5   217.4   229.6   351.0   451.0   512.7   553.3   594.4   640.2   717.7  1253.0  4770.6 11096.6  33947.2    34058
read      411.6   501.9   160.7   219.5   233.1   360.0   431.2   471.4   502.6   540.1   588.8   668.6   997.2  6252.5 18012.6  75491.8    75648
read      395.3   329.3   173.5   213.1   225.6   376.8   451.9   486.1   507.8   532.7   561.2   601.3   762.6  3715.2 10105.2  19557.0    19482
read      455.6   573.0   173.5   219.3   232.5   407.6   483.4   526.1   557.9   600.1   658.3   741.4  1150.9  8872.1 30361.6  15181.2    15054
read      431.4   491.1   173.5   223.3   238.3   368.5   440.7   482.6   514.3   553.8   610.7   707.6  1687.6  5985.9 17529.6  75753.0    75754
read      359.5   310.8   173.5   234.1   258.5   335.3   361.3   375.0   387.0   398.9   417.5   449.8   751.2  5506.5  9274.1   5248.0     5187
read      406.8   384.3   173.5   219.9   231.9   386.8   460.4   495.1   517.6   541.6   572.9   623.6   810.0  3896.3 14441.2  17590.0    17656
read      433.7   445.8   160.7   232.9   251.8   386.7   452.8   493.3   524.4   563.0   616.4   702.9  1013.7  6699.8 14764.3  96166.2    96343
read      401.0   368.9   160.7   220.0   232.9   346.7   433.9   491.8   532.9   575.3   619.6   675.3   805.6  3519.7  9256.0  36675.6    36665
read      392.6   305.7   173.5   223.9   239.1   357.2   423.2   462.0   491.6   527.1   573.6   642.4   815.3  2695.2 10175.7  85155.8    85269
read      414.7   330.7   173.5   218.3   230.4   351.9   455.9   514.8   553.1   592.7   636.2   710.1  1109.0  3316.8 10708.2  31560.6    31525
read      399.4   285.0   160.7   220.5   233.5   355.9   428.9   471.8   507.2   550.1   604.4   679.5   895.8  3326.7 10499.3  61786.6    61798
read      398.7   431.1   173.5   222.5   234.9   382.2   433.5   459.0   475.9   496.0   520.5   560.3   729.1  5188.7 13898.4  12196.4    12253
read      479.2   476.8   173.5   219.5   232.2   401.3   517.7   580.2   629.7   700.2   803.0   953.0  1271.2  6143.2 12490.9  25776.4    25710
read      403.2   274.3   160.7   221.8   235.8   357.4   426.2   465.8   497.1   536.0   587.7   671.8  1483.8  2809.4  7673.4  79813.8    79937
read      372.7   392.2   173.5   227.0   244.8   352.7   385.2   401.7   414.6   428.6   447.5   477.4   633.8  6298.6 14355.5   7271.6     7271
read      402.0   348.7   160.7   224.0   239.3   360.9   425.5   463.7   493.6   530.5   579.2   654.1   974.5  3587.6 14978.0  85432.4    85861
read      404.8   330.7   160.7   225.2   241.6   365.7   430.2   467.5   496.4   531.7   578.9   657.0   940.1  4612.1 14129.3  91341.2    91467
read      394.4   345.2   160.7   219.5   232.3   353.2   423.0   462.7   493.5   531.2   580.8   655.6   873.9  2912.2 13517.0  72071.2    72217
read      422.2   436.1   173.5   218.1   230.3   361.0   456.2   510.7   547.1   587.0   634.9   724.6  1162.2  4946.4 15040.1  31073.2    31080
read      391.6   271.3   160.7   220.6   234.2   357.1   426.0   465.9   496.2   532.4   579.4   650.6   812.5  2251.1  8062.3  76884.2    76878
read      397.2   291.0   173.5   223.0   238.1   362.2   428.2   465.9   495.1   530.5   577.5   651.6   860.1  2798.1  9948.2  84565.0    84584
read      402.6   552.8   173.5   221.9   234.3   382.1   434.9   459.8   476.5   496.9   521.8   559.0   723.3  6371.7 31038.2  12635.6    12492
read      395.8   233.5   160.7   219.0   231.4   354.5   429.3   473.2   508.7   552.4   604.4   676.1   867.5  2358.0  8305.7  56931.2    57106
read      403.0   288.7   160.7   226.1   243.6   370.3   433.0   469.4   497.3   530.8   575.2   645.4   873.2  2399.3 10513.6  96133.6    96245
read      398.0   653.9   173.5   228.9   247.9   359.3   391.3   407.9   421.3   434.6   456.7   494.4   974.2  7748.2 34016.2   6853.2     6791
read      400.9   265.8   173.5   226.7   243.6   370.1   434.2   471.9   501.5   536.8   582.6   653.4   822.2  2462.2  9743.4  90943.8    90728
read      368.8   488.6   173.5   234.4   261.8   337.0   362.1   375.3   387.3   399.4   418.0   449.9   775.1  7919.1 19623.6   5149.0     5151
read      389.5   203.9   173.5   223.9   238.8   357.0   423.3   461.5   490.8   526.4   572.8   641.8   803.1  2326.2  6175.1  82780.4    82969
read      411.4   462.4   173.5   219.0   231.4   358.4   437.9   490.9   531.2   576.7   626.9   689.9   862.8  5363.2 28515.8  42602.8    42635
read      452.2   241.4   173.5   240.3   263.4   413.9   487.3   534.4   571.7   618.9   682.0   777.4   978.3  2085.2  7831.7  99296.4    99337
read      412.6   357.2   173.5   228.9   246.5   374.7   438.0   475.8   504.6   539.9   586.2   664.0   942.4  3838.2 11321.5  95107.4    95192
read      395.0   246.8   160.7   220.9   234.1   356.2   427.7   469.3   502.1   542.0   593.6   669.7   854.9  2272.9  8379.4  69146.0    69200
read      410.8   315.6   160.7   219.5   233.0   365.7   442.5   489.6   526.5   571.2   625.1   699.4   945.6  4029.6  9941.6  49379.4    49459
read      404.5   222.9   173.5   218.4   230.7   360.7   457.9   511.0   545.2   581.3   621.8   678.2   857.6  2158.5  7748.4  28961.6    29055
read      400.7   326.7   173.5   220.5   233.6   357.4   429.1   470.8   504.4   545.9   598.8   677.7  1000.2  3321.7  9989.7  64239.2    64324
read      386.4   632.7   187.4   231.5   254.4   342.9   370.8   386.9   397.8   411.5   430.2   466.5  1067.9  8091.7 28078.5   5651.8     5705
read      390.8   277.0   173.5   222.9   237.3   356.5   422.5   460.6   489.5   524.2   570.2   639.4   806.2  2868.6 10567.6  84328.0    84816
read      407.5   369.1   160.7   218.8   230.5   362.4   456.5   501.5   530.0   560.2   593.9   644.9   914.3  4434.6 11542.7  23880.2    23714
read      398.8   230.9   173.5   223.5   238.1   361.6   432.6   474.8   506.9   546.0   595.2   672.3   861.6  2498.6  5732.0  74174.4    74116
read      412.4   436.7   173.5   220.8   232.7   378.9   463.4   502.4   527.4   553.0   584.0   630.7   838.4  5571.2 27892.4  19927.4    19948
read      425.4   399.8   173.5   221.0   234.2   364.4   445.5   498.4   538.6   585.0   639.2   721.1  1352.2  6089.5 14132.4  44028.8    44213
read      464.1   676.2   173.5   219.6   231.8   395.1   479.7   521.4   548.9   583.5   633.8   766.7  1586.6  8191.9 30716.5  19509.0    19454
read      613.9  1863.8   173.5   223.1   239.5   391.3   446.4   476.0   498.8   526.7   565.3   678.2  6671.4 31654.9 42558.4   7220.6     7190
read      423.4   378.2   160.7   220.9   234.4   365.3   444.4   494.1   532.8   579.1   636.6   728.8  1410.5  3943.5 12488.8  47570.6    47657
read      408.6   254.0   173.5   220.8   234.0   367.6   448.1   497.3   535.6   579.9   631.5   698.3   872.8  2819.8  8130.3  44409.2    44399
read      386.6   434.4   187.4   231.2   252.8   361.3   394.5   412.4   425.3   439.2   461.7   500.1   704.3  6106.5 18118.5   6444.6     6481
read      377.9   400.3   187.4   235.6   258.6   349.2   376.5   392.4   402.3   418.2   435.7   470.8   820.5  7262.0 12059.7   5789.6     5807
read      362.0   171.1   160.7   218.8   230.4   334.3   394.0   428.7   455.3   488.6   533.7   598.7   718.9   995.1  7631.0  82857.2    83137
read      375.5   318.1   173.5   228.6   243.6   366.3   403.8   423.0   435.0   450.7   467.0   496.3   572.3  4293.1 13167.8   9512.2     9580
read      379.2   245.8   173.5   215.5   227.7   334.4   415.9   469.6   507.6   547.0   587.4   635.8   728.3  2029.2  7812.5  37250.8    37385
read      383.6   220.9   160.7   216.5   228.7   340.5   429.3   482.5   517.6   553.0   589.8   635.1   728.2  1541.6  8810.3  33657.8    33706
read      380.6   240.8   173.5   215.4   227.7   335.2   420.4   474.4   511.0   548.4   586.7   633.5   726.9  1789.6 11316.9  35249.4    35204
read      375.5   197.7   173.5   215.9   228.3   337.7   407.5   453.4   489.8   534.0   583.4   639.3   739.5  1350.9  8065.8  50189.2    50438
read      371.8   190.7   160.7   215.0   227.4   335.8   403.7   449.8   485.3   528.2   575.7   632.8   731.1  1059.7  5943.9  48696.8    48878
read      375.1   188.9   160.7   214.4   226.7   333.8   407.7   459.8   499.5   542.8   588.1   639.9   735.1  1495.9  5937.6  42608.4    42682
read      378.2   203.2   160.7   216.3   228.3   337.0   432.8   480.0   509.1   539.4   572.1   614.2   690.0  1474.2  8367.4  27299.0    27416
read      368.0   184.2   160.7   217.1   229.1   335.0   398.6   436.9   468.2   508.1   559.7   624.5   727.9  1045.5  7583.4  64437.4    64424
read      367.3   177.2   160.7   217.0   228.9   334.0   397.3   436.6   468.7   510.1   562.8   627.6   733.0   971.9  5963.4  64605.2    64364
read      366.4   507.9   187.4   236.6   260.0   336.9   360.8   373.1   384.0   395.7   410.8   436.5   619.1  7802.3 28448.7   5494.0     5481
read      383.4   210.1   160.7   218.0   229.7   344.6   440.9   485.4   513.3   541.4   573.1   615.2   693.3  1671.9  8308.7  25916.8    26227
read      385.7   225.6   160.7   218.0   230.0   344.9   443.7   490.3   519.4   548.4   580.4   622.7   699.3  1566.2  8621.4  26669.2    26586
read      360.7   159.0   173.5   219.3   231.2   333.1   392.3   426.5   452.8   485.0   528.3   591.1   704.3   952.5  6210.1  86196.8    86286
read      383.8   242.5   173.5   219.6   231.3   345.9   438.6   481.0   507.4   534.4   565.1   606.8   687.6  2518.4  9282.7  24398.8    24452
read      381.7   209.5   173.5   218.8   230.4   343.7   434.8   480.3   507.8   536.9   570.1   614.9   699.2  1769.3  7995.0  26869.2    26832
read      381.5   243.2   160.7   216.9   229.1   342.3   431.0   478.8   509.1   539.7   573.8   619.0   704.8  1545.6  9824.9  29890.4    29795
read      370.9   193.3   160.7   214.3   226.9   335.6   404.2   449.6   484.1   524.4   570.1   626.0   725.2  1158.0  7995.1  46037.6    46224
read      360.3   175.5   160.7   217.8   229.8   333.5   392.0   425.5   451.4   483.6   527.9   591.3   709.7   977.4  6353.1  84578.2    84587
read      366.8   157.7   160.7   216.0   228.2   334.7   399.6   438.8   469.7   509.7   561.5   625.2   729.3   932.7  4263.9  63374.4    63389
read      378.5   211.4   160.7   218.7   231.1   339.8   412.3   459.1   495.2   536.4   582.3   636.5   734.9  1527.6  8460.3  47068.0    46953
read      361.4   153.0   160.7   220.3   233.6   337.0   394.1   426.8   452.0   482.8   524.4   586.1   696.3   897.3  5608.3  90443.8    90536
read      382.1   285.1   173.5   229.2   243.7   374.7   422.2   444.3   458.9   474.3   496.0   527.4   602.2  3955.9 12480.4  12550.8    12508
read      380.4   216.6   160.7   216.2   228.5   337.5   417.7   471.8   511.6   553.5   595.2   642.6   733.0  1433.7  7654.6  38468.2    38491
read      358.4   150.0   173.5   221.1   234.1   335.3   390.3   421.5   444.8   473.1   513.5   576.5   689.4   890.7  6076.0  97749.0    97806
read      379.2   333.4   173.5   224.7   238.1   369.5   415.7   436.7   451.8   467.0   488.3   516.4   592.0  3958.3 13697.0  11952.0    11813
read      378.7   196.5   160.7   215.6   227.9   337.0   417.7   469.9   507.7   548.5   590.2   639.0   728.2  1422.0  7107.4  39536.4    39665
read      372.7   192.1   160.7   216.4   228.4   334.7   401.8   447.5   484.3   529.8   581.4   640.0   735.5  1275.0  7823.2  53432.0    53571
read      368.8   184.8   160.7   216.9   228.8   335.2   399.9   439.5   471.1   513.4   565.8   630.2   731.7   936.6  7309.3  63252.4    63215
read      362.1   171.3   160.7   217.6   229.6   332.5   392.2   427.4   455.4   491.1   538.4   607.4   727.0  1041.4  7072.4  78647.2    78767
read      374.5   259.4   173.5   230.0   246.1   364.7   399.3   417.6   429.7   444.1   461.9   492.0   603.7  3955.1  9438.8   8622.2     8615
read      364.2   158.3   160.7   216.0   228.1   332.0   394.6   432.5   463.1   502.0   553.5   621.9   729.0  1172.2  4763.3  67702.4    67903
read      392.0   357.9   160.7   222.3   235.5   377.1   442.3   470.9   490.9   511.6   539.3   580.0   681.9  3902.0 10186.7  16523.6    16398
read      371.9   184.1   173.5   216.2   228.3   335.1   401.9   446.7   483.1   529.0   580.0   637.0   732.0  1037.1  6733.5  53353.0    53434
read      381.4   227.5   160.7   215.5   227.9   338.7   420.8   474.5   512.4   552.0   593.4   641.4   732.2  1422.0  9870.1  38049.2    38068
read      376.0   332.5   173.5   228.8   244.5   363.8   399.9   418.2   429.9   443.9   461.4   489.6   582.6  5044.5 12618.1   9111.4     9130
read      365.3   177.9   160.7   217.2   228.8   332.2   395.2   433.7   464.6   504.2   555.9   621.8   726.6  1030.3  7003.6  69174.4    69227

Total QPS = 49284.4 (44355920 / 900.0s)

Total connections = 64
Misses = 0 (0.0%)
Skipped TXs = 0 (0.0%)

RX 10955911993 bytes :   11.6 MB/s
TX          0 bytes :    0.0 MB/s
Warning! Detected max cpu usage > 95%
CPU Usage Stats (avg/min/max): 99.99%,49.49%,100.00%
