Random waveform, random seed
Total number of intervals = 100 (87919, 98717, 31326, 32464, 65342, 98488, 76838, 72106, 65379, 53690, 72655, 72332, 62528, 26810, 39569, 60760, 46265, 19949, 61435, 83890, 38586, 71822, 40100, 57087, 67313, 70270, 91602, 71288, 97845, 8794, 33275, 26003, 69130, 19424, 79818, 93377, 69448, 45219, 8549, 89095, 12766, 99994, 21958, 20035, 93213, 70134, 82780, 88308, 93364, 41436, 91748, 47256, 51883, 11878, 79794, 76836, 47370, 65461, 8291, 37257, 62788, 30777, 19181, 89788, 76642, 11753, 81976, 66768, 31150, 24813, 18460, 33827, 76306, 57503, 25441, 24381, 78566, 45156, 96678, 55952, 94396, 81806, 68068, 25092, 49048, 49621, 87649, 27133, 61905, 8069, 7636, 50818, 56149, 68128, 86120, 74524, 41790, 47485, 92148, 30763)
Average QPS expected = 56345
Timestamp start: 1715030504062
Timestamp end: 1715031504568

#type       avg     std     min      p5     p10     p50     p67     p75     p80     p85     p90     p95     p99    p999   p9999      QPS   target
read      396.1   482.6   137.8   198.1   211.6   308.4   378.1   428.9   472.7   531.5   614.8   784.9  1579.9  5541.5 20354.2  87839.0    87919
read      434.3   555.7   137.8   202.8   217.6   324.0   399.8   458.2   510.2   586.8   702.9   956.6  1918.8  6451.3 27307.7  98791.6    98717
read      409.7   379.9   148.8   198.8   212.9   356.9   451.5   507.0   545.7   590.7   641.9   727.5  1046.9  3636.3 15987.1  31409.4    31326
read      383.6   318.7   148.8   196.6   210.9   339.8   431.0   483.2   514.9   547.4   589.7   654.6   808.8  3079.9 12694.4  32471.8    32464
read      433.1   582.5   137.8   195.7   209.1   316.1   399.9   462.8   511.2   573.9   661.6   901.0  2430.1  5490.6 27956.6  65481.2    65342
read      565.6  1204.8   148.8   206.3   222.4   332.2   419.1   488.9   554.5   658.3   858.0  1381.3  4627.4 14069.1 35536.8  98625.7    98488
read      515.0   963.9   137.8   197.5   211.6   320.4   401.5   468.1   529.6   617.9   774.7  1382.5  3876.9  9431.1 32354.3  76779.1    76838
read      510.4   894.5   137.8   197.9   211.8   319.7   404.0   473.5   537.2   626.8   783.4  1409.9  3745.6  8619.1 32214.0  72065.7    72106
read      449.9   645.9   148.8   194.3   207.4   314.0   400.3   465.2   517.5   588.2   689.6  1008.0  2744.4  6007.0 29555.2  65517.6    65379
read      370.1   289.8   137.8   195.0   208.1   311.8   396.8   454.7   494.5   535.9   586.8   675.8   897.4  3258.4  9261.3  53593.4    53690
read      350.6   215.3   137.8   194.3   206.9   294.5   366.0   417.3   460.4   507.9   567.6   669.3   873.5  1478.3  5001.9  72678.0    72655
read      354.3   266.8   137.8   195.7   208.3   295.4   367.9   420.4   464.2   513.1   575.0   680.4   894.2  1440.7  7944.5  72393.6    72332
read      362.7   285.7   148.8   195.0   208.0   305.5   387.0   442.8   484.6   529.1   585.6   680.9   880.9  1581.4  7963.5  62574.4    62528
read      384.2   366.5   148.8   199.2   213.5   349.4   435.4   480.6   507.3   537.5   577.5   638.1   790.5  2383.0 25313.6  26792.4    26810
read      422.9   530.7   137.8   195.8   209.3   344.8   447.2   505.4   545.2   598.0   675.7   838.2  1330.0  4192.2 29170.7  39626.7    39569
read      454.3   573.0   137.8   196.8   210.1   320.1   414.2   485.1   542.0   621.5   743.9  1079.6  2491.4  5362.8 25267.7  60745.6    60760
read      448.4   475.5   148.8   196.0   209.1   338.6   447.7   514.1   568.6   639.9   763.1  1048.4  1816.9  4284.6 15994.1  46290.8    46265
read      462.9   565.7   148.8   202.0   216.9   382.5   478.1   532.7   577.2   637.0   733.7   897.4  1439.3  5882.4 28534.9  19958.4    19949
read      461.6   618.0   148.8   198.5   211.9   322.7   416.4   487.0   545.1   627.0   753.2  1104.0  2543.5  5524.8 29620.9  61436.6    61435
read      467.1   737.8   148.8   202.3   216.2   319.1   395.4   456.6   510.0   590.2   720.6  1064.6  3179.0  6739.5 31291.9  83783.8    83890
read      426.1   401.8   148.8   196.3   209.6   346.7   451.4   509.5   552.4   612.1   698.5   883.2  1349.5  4250.2 12336.9  38630.7    38586
read      465.0   683.0   137.8   198.7   212.3   317.1   400.3   466.9   523.6   604.6   735.4  1113.9  2971.6  5442.0 30792.5  71815.2    71822
read      426.3   478.9   148.8   194.5   207.6   340.7   440.4   499.0   542.3   600.0   689.6   889.0  1438.4  5095.4 19609.8  40085.2    40100
read      441.6   490.3   148.8   196.9   210.3   322.7   419.5   487.8   540.4   613.1   722.3  1007.4  2216.2  4588.2 14183.9  57158.4    57087
read      390.3   454.2   137.8   196.3   209.5   308.6   390.0   449.0   492.8   543.3   614.4   743.8  1355.0  4543.9 16078.4  67273.2    67313
read      485.0   720.0   137.8   200.4   214.4   326.3   416.3   487.4   549.2   637.3   780.4  1183.9  3180.8  6314.1 30775.0  70386.3    70270
read      502.4  1020.1   137.8   202.4   216.6   317.5   394.4   455.8   509.6   592.4   734.1  1120.2  4035.4 10243.6 35349.5  91515.4    91602
read      355.4   454.4   148.8   196.7   210.2   299.1   368.1   415.7   455.9   501.3   551.7   633.1   916.0  2667.6 10007.4  71293.3    71288
read      553.4  1191.0   137.8   204.7   220.1   319.6   401.5   469.5   536.4   644.3   853.3  1379.4  4569.3 13799.7 36277.5  97764.6    97845
read      455.3   744.0   148.8   210.5   231.4   372.3   456.7   495.6   523.7   555.9   602.4   693.8  2155.5 10071.9 31124.5   8714.6     8794
read      473.3   579.2   148.8   194.1   207.9   357.9   468.0   535.9   591.6   675.1   835.1  1105.7  1755.9  5673.4 29158.1  33289.8    33275
read      490.8   691.2   137.8   196.8   211.9   375.8   484.4   549.6   608.1   697.3   836.0  1058.1  1829.0  9313.0 31073.6  26031.9    26003
read      531.3  1076.1   137.8   196.9   211.0   320.6   406.6   475.0   536.6   625.0   772.9  1368.3  4107.5 11404.3 36174.3  69247.6    69130
read      527.3   965.3   148.8   199.9   215.3   388.9   504.9   581.1   648.9   743.4   874.7  1057.9  2216.8 12892.2 36469.4  19528.1    19424
read      551.1  1179.0   148.8   199.8   214.5   321.8   403.5   470.7   533.7   628.0   800.0  1406.2  4487.8 14360.5 35589.7  79783.5    79818
read      564.9  1252.3   137.8   204.9   220.3   322.8   404.1   470.9   537.4   637.7   832.9  1427.6  4732.0 17498.7 36547.1  93457.4    93377
read      533.5  1043.4   137.8   198.9   213.1   324.0   409.2   479.8   544.0   633.9   788.3  1399.9  4032.5  9657.0 35662.8  69351.1    69448
read      526.7   977.0   148.8   194.2   207.5   337.4   445.9   520.4   582.2   661.9   828.2  1264.6  3820.2 11648.0 32733.3  45196.5    45219
read      493.1  1092.7   160.7   211.7   232.0   373.1   457.5   496.7   525.9   560.3   607.8   715.3  2982.8 13908.4 32363.5   8535.4     8549
read      548.5  1174.2   137.8   205.0   220.3   327.3   407.1   474.2   537.6   630.2   802.2  1299.7  4593.5 12880.5 36685.6  88958.1    89095
read      492.0   829.6   148.8   206.4   224.0   393.4   497.3   553.2   595.0   648.8   730.0   860.4  2232.9  9089.5 32428.8  12713.2    12766
read      572.9  1238.8   137.8   207.5   223.0   326.3   417.0   495.8   571.7   691.3   926.1  1461.3  4557.0 15193.4 36430.5  99977.4    99994
read      514.2   710.0   137.8   200.0   215.1   390.4   510.8   590.8   664.4   768.2   906.0  1099.3  1839.4  7249.8 31515.3  21982.7    21958
read      534.3   775.5   148.8   203.1   219.0   408.3   535.8   621.8   698.4   800.9   927.1  1093.6  2101.5  7995.3 31658.6  20030.3    20035
read      568.4  1236.2   148.8   206.0   221.9   329.3   414.7   485.7   553.8   664.4   868.5  1410.5  4646.7 15869.6 37015.2  93055.4    93213
read      456.2   721.0   137.8   198.9   212.4   316.7   399.5   463.4   514.6   582.7   686.7   961.8  3110.9  6387.0 31633.6  70163.5    70134
read      528.3  1055.1   137.8   199.9   214.1   322.7   401.8   466.5   527.0   614.3   774.7  1330.5  4054.2 10831.8 34655.3  82714.4    82780
read      549.3  1158.4   148.8   203.2   218.4   328.2   405.4   469.2   530.3   623.4   792.9  1370.3  4495.9 11885.8 35882.0  88290.4    88308
read      539.8  1149.0   148.8   204.0   219.5   327.5   405.9   469.6   528.7   617.4   782.2  1259.4  4486.4 12850.3 36376.7  93397.5    93364
read      462.9   664.0   148.8   193.5   206.6   343.2   447.8   514.1   571.0   645.2   787.7  1082.2  1716.5  9403.8 31073.2  41522.9    41436
read      542.8  1112.1   137.8   203.7   219.2   330.8   412.7   477.7   540.7   634.8   805.3  1328.8  4264.1 12225.0 36156.0  91614.6    91748
read      467.4   665.0   137.8   193.5   206.3   330.0   434.5   502.7   561.5   642.5   808.9  1205.3  2047.0  6642.7 29486.3  47227.9    47256
read      477.3   731.6   137.8   194.8   208.1   328.2   426.6   496.7   556.4   636.8   782.1  1237.7  2374.9  8820.2 30988.8  51866.0    51883
read      497.5   958.3   148.8   205.6   223.1   382.2   478.6   529.2   567.2   615.0   682.8   816.3  2850.9 11379.5 32412.7  11806.1    11878
read      525.4   971.5   137.8   200.6   215.1   328.8   412.9   480.2   543.4   635.7   801.0  1372.8  3928.1  9199.2 35195.0  79677.5    79794
read      509.1   921.9   137.8   198.8   213.3   324.1   404.8   470.1   531.4   617.3   766.8  1307.6  3775.4  8751.2 32999.9  76806.3    76836
read      477.7   713.1   137.8   193.5   206.3   332.3   438.9   509.1   572.1   659.2   847.0  1222.0  2074.1  8909.0 31084.5  47281.4    47370
read      503.5   883.7   148.8   196.0   209.5   319.3   407.1   477.2   541.1   629.6   788.1  1376.5  3582.8  7968.9 32447.7  65525.3    65461
read      484.8  1206.8   160.7   212.2   232.5   366.4   445.6   480.1   505.0   535.5   576.3   659.7  3066.7 22188.6 39812.3   8291.0     8291
read      512.5   737.1   148.8   197.6   211.9   367.3   490.0   570.1   635.7   746.4   926.6  1222.3  1998.9  9529.7 31639.7  37318.5    37257
read      492.4   816.6   148.8   195.9   209.2   320.5   412.1   482.2   543.0   627.1   767.8  1313.9  3189.0  8347.8 31720.5  62690.4    62788
read      510.3   528.9   148.8   198.4   213.6   387.3   515.3   597.6   674.9   791.8   954.8  1186.0  1729.0  5292.5 23452.1  30769.4    30777
read      517.1   760.5   148.8   200.2   215.9   396.7   519.8   599.9   668.2   768.1   899.1  1052.2  1950.4  9137.6 30807.0  19117.2    19181
read      544.1  1115.9   137.8   201.7   217.0   328.8   411.1   476.6   540.8   637.1   817.6  1354.3  4391.3 12093.3 36569.4  89939.0    89788
read      518.7   954.0   137.8   200.0   214.2   324.0   407.6   476.2   540.6   632.2   796.0  1384.6  3788.9  8507.5 32412.3  76595.2    76642
read      517.4  1132.1   148.8   205.4   222.7   382.3   480.0   532.7   572.4   622.2   692.9   849.1  3144.4 14930.9 36594.8  11728.4    11753
read      523.1  1002.7   148.8   201.7   216.4   328.6   409.9   473.6   534.7   623.3   777.4  1318.6  4017.2  8411.4 35134.2  81854.1    81976
read      522.5   924.6   148.8   198.4   212.1   324.4   416.5   488.1   553.3   642.5   796.0  1451.3  3870.8  8047.4 32078.4  66565.5    66768
read      516.2   775.4   148.8   196.9   211.6   379.4   501.0   576.6   642.6   752.1   918.4  1175.6  1833.8 11370.8 31382.3  31173.1    31150
read      487.5   640.9   148.8   200.2   215.2   375.9   484.5   544.4   596.8   677.3   821.4  1083.0  1616.5  8745.6 28906.1  24877.3    24813
read      573.2  1127.6   148.8   203.6   219.0   404.1   529.4   612.8   688.0   794.7   930.6  1112.3  3039.3 13757.1 35470.0  18531.6    18460
read      545.4   967.7   148.8   198.8   213.0   374.1   496.3   576.4   644.2   761.2   941.1  1231.5  2961.9 11635.4 32473.7  33784.3    33827
read      545.7   925.9   137.8   203.0   217.9   338.9   440.0   525.1   604.4   721.4   937.8  1513.4  3658.5  9488.4 32310.9  76195.0    76306
read      438.6   572.1   137.8   196.2   209.8   322.0   410.8   473.6   521.3   577.9   669.4   989.7  2174.4  6387.7 22479.1  57611.9    57503
read      356.4   263.8   148.8   199.6   214.1   335.7   403.9   442.3   465.8   488.3   510.5   543.0   610.7  1696.7 10027.6  25374.1    25441
read      357.3   315.7   148.8   200.2   215.1   337.9   403.6   440.1   462.2   484.0   505.6   538.2   601.3  1740.1 14128.5  24357.0    24381
read      328.5   900.1   137.8   192.6   205.0   285.6   343.8   384.2   416.6   458.2   504.9   562.2   686.5  1067.3  8009.0  78669.4    78566
read      343.0   257.6   137.8   191.9   205.0   305.3   378.3   426.8   463.6   498.3   531.8   573.7   652.2  1083.4  8556.0  45158.9    45156
read      312.5   175.9   137.8   192.4   204.5   276.3   326.7   361.8   389.6   425.8   473.4   536.3   674.3  1048.8  6166.8  96763.5    96678
read      342.0   714.8   148.8   192.7   205.6   299.5   369.7   416.2   454.6   494.2   533.1   580.3   676.2  1005.4  8085.3  56072.0    55952
read      311.3   185.6   148.8   191.4   203.4   274.9   324.2   359.5   387.7   424.6   473.9   537.4   668.4  1088.7  5000.8  94376.4    94396
read      351.1   489.8   137.8   193.3   206.0   288.3   347.6   390.0   425.5   470.9   523.6   593.8  1015.2  5758.5 29021.5  81745.8    81806
read      332.5   225.7   137.8   192.1   204.7   291.0   355.9   399.1   436.6   480.9   525.7   577.9   680.9  1044.4  7652.5  67950.3    68068
read      360.6   277.9   148.8   199.3   214.3   337.6   410.5   451.1   474.9   496.5   521.2   551.2   629.0  1304.9  9871.6  25004.4    25092
read      342.8   220.8   148.8   191.6   204.7   304.2   377.1   426.3   464.2   500.7   536.0   580.1   667.2   976.0  8208.4  48978.4    49048
read      341.0   169.0   137.8   191.3   204.2   302.7   375.3   424.6   463.4   500.7   536.4   580.3   663.5   984.5  5655.8  49635.6    49621
read      322.1   167.8   137.8   193.0   205.5   284.3   339.4   377.3   407.9   449.5   498.8   560.1   688.3  1096.9  4478.4  87464.9    87649
read      357.8   245.8   148.8   196.2   210.8   332.0   408.9   452.5   477.7   500.3   526.0   558.0   631.0  1517.2  9001.6  27098.6    27133
read      335.3   204.9   137.8   192.1   204.9   295.2   363.0   406.6   445.2   486.9   528.8   578.2   673.5   936.5  7873.5  61897.1    61905
read      355.3   397.6   148.8   224.0   243.3   338.5   367.7   383.0   393.5   404.1   424.2   453.7   537.7  4685.1 17036.9   8054.8     8069
read      352.9   302.0   148.8   224.2   243.5   337.4   366.6   382.1   393.2   404.3   424.6   454.5   545.5  4926.3 12051.5   7613.5     7636
read      343.2   214.8   137.8   192.4   205.5   304.1   376.2   425.1   463.0   499.4   535.4   580.7   670.1  1047.2  9283.1  50692.9    50818
read      340.0   195.4   137.8   192.1   205.1   298.8   370.2   418.8   458.4   498.6   537.1   584.3   676.5   967.8  7961.6  56069.3    56149
read      331.7   184.4   137.8   191.8   204.5   291.4   356.1   399.3   436.7   481.2   525.8   577.0   674.2  1007.6  4805.1  68085.1    68128
read      321.4   165.9   137.8   192.9   205.3   283.4   339.0   377.1   408.1   449.8   498.6   558.3   681.9  1016.0  5070.1  86241.4    86120
read      326.3   181.5   137.8   192.0   204.5   286.9   346.8   388.6   423.0   466.3   512.3   566.3   672.5   988.5  7760.4  74522.7    74524
read      348.3   214.7   137.8   192.7   206.1   310.9   387.3   438.9   474.6   506.8   538.4   579.9   661.5  1133.9  9161.1  41836.3    41790
read      346.6   189.8   137.8   192.8   206.2   307.9   383.1   434.4   472.1   507.5   541.6   585.5   677.2  1007.0  7781.1  47470.3    47485
read      317.5   150.4   137.8   193.0   205.4   281.1   333.4   369.3   398.4   437.1   486.6   547.6   684.9  1051.1  4474.4  92151.6    92148
read      351.6   197.4   137.8   194.0   208.1   323.3   399.5   446.5   474.5   498.4   524.8   556.8   631.0  1267.5  8061.4  30773.4    30763

Total QPS = 56336.2 (56336236 / 1000.0s)

Total connections = 64
Misses = 0 (0.0%)
Skipped TXs = 0 (0.0%)

RX 13915050045 bytes :   13.3 MB/s
TX          0 bytes :    0.0 MB/s
Warning! Detected max cpu usage > 95%
CPU Usage Stats (avg/min/max): 99.95%,49.25%,100.00%
