2024-05-09T13:14:00.720746 0.0 0.0 0.0 0.0
2024-05-09T13:14:01.722086 1.0 1.0 0.0 0.0
2024-05-09T13:14:02.723381 0.0 1.0 0.0 1.0
2024-05-09T13:14:03.724710 1.0 0.0 0.0 0.0
2024-05-09T13:14:04.726010 0.0 0.0 0.0 0.0
2024-05-09T13:14:05.727297 0.0 0.0 0.0 0.0
2024-05-09T13:14:06.728625 1.0 1.0 0.0 0.0
2024-05-09T13:14:07.729918 0.0 0.0 0.0 1.0
2024-05-09T13:14:08.731208 1.0 0.0 0.0 1.0
2024-05-09T13:14:09.732508 0.0 0.0 2.0 1.0
2024-05-09T13:14:10.733828 0.0 1.0 0.0 1.0
2024-05-09T13:14:11.735117 0.0 0.0 0.0 0.0
2024-05-09T13:14:12.736425 1.0 1.0 2.0 0.0
2024-05-09T13:14:13.737692 3.0 4.9 3.9 3.0
2024-05-09T13:14:14.739031 1.0 1.0 0.0 0.0
2024-05-09T13:14:15.740364 0.0 0.0 0.0 0.0
2024-05-09T13:14:16.741668 1.0 0.0 1.0 0.0
2024-05-09T13:14:17.743027 0.0 0.0 2.0 0.0
2024-05-09T13:14:18.744355 2.0 1.0 1.0 2.0
2024-05-09T13:14:19.745741 0.0 0.0 0.0 1.0
2024-05-09T13:14:20.747039 0.0 2.0 1.0 0.0
2024-05-09T13:14:21.748351 0.0 0.0 0.0 1.0
2024-05-09T13:14:22.749662 1.0 2.0 1.0 0.0
2024-05-09T13:14:23.751033 0.0 0.0 1.0 1.0
2024-05-09T13:14:24.752366 2.0 0.0 0.0 0.0
2024-05-09T13:14:25.753689 0.0 1.0 0.0 0.0
2024-05-09T13:14:26.755036 1.0 1.0 0.0 2.0
2024-05-09T13:14:27.756347 0.0 1.0 0.0 1.0
2024-05-09T13:14:28.757684 1.0 3.2 0.0 0.0
2024-05-09T13:14:29.758987 2.0 3.2 0.0 2.0
2024-05-09T13:14:30.760260 0.0 4.2 0.0 0.0
2024-05-09T13:14:31.761591 1.0 0.0 0.0 0.0
2024-05-09T13:14:32.761956 0.0 4.2 2.0 2.0
2024-05-09T13:14:33.763129 1.0 1.0 2.0 0.0
2024-05-09T13:14:34.764426 2.9 13.0 2.0 2.0
2024-05-09T13:14:35.765782 0.0 28.7 1.0 1.0
2024-05-09T13:14:36.767054 2.0 28.3 3.0 5.0
2024-05-09T13:14:37.768344 3.0 28.3 3.0 5.0
2024-05-09T13:14:38.769736 5.8 27.5 4.0 7.7
2024-05-09T13:14:39.771049 3.9 18.0 3.0 1.0
2024-05-09T13:14:40.772383 1.0 1.0 0.0 0.0
2024-05-09T13:14:41.773839 3.0 33.3 5.0 0.0
2024-05-09T13:14:42.775138 10.4 48.4 10.4 7.8
2024-05-09T13:14:43.776482 9.4 50.0 9.5 4.0
2024-05-09T13:14:44.776989 6.9 48.4 8.7 8.7
2024-05-09T13:14:45.778158 5.9 50.0 4.0 6.8
2024-05-09T13:14:46.779490 3.0 26.8 5.8 3.0
2024-05-09T13:14:47.780856 0.0 0.0 0.0 0.0
2024-05-09T13:14:48.782250 5.0 45.7 8.6 4.0
2024-05-09T13:14:49.783543 21.5 56.2 16.1 6.8
2024-05-09T13:14:50.784862 6.9 55.9 10.5 8.7
2024-05-09T13:14:51.786020 12.8 55.9 8.7 9.5
2024-05-09T13:14:52.787313 12.8 55.9 10.5 7.7
2024-05-09T13:14:53.788602 5.8 20.7 4.9 3.0
2024-05-09T13:14:54.789930 1.0 1.0 1.0 1.0
2024-05-09T13:14:55.791205 13.9 56.4 6.0 5.9
2024-05-09T13:14:56.792504 14.8 59.5 10.5 7.8
2024-05-09T13:14:57.793927 14.0 58.8 15.3 8.6
2024-05-09T13:14:58.795222 18.4 59.5 13.6 4.0
2024-05-09T13:14:59.796516 13.0 58.8 10.5 5.9
2024-05-09T13:15:00.797875 4.9 6.7 1.0 2.9
2024-05-09T13:15:01.798571 2.9 10.4 1.0 1.0
2024-05-09T13:15:02.799901 13.1 62.3 10.6 12.5
2024-05-09T13:15:03.801342 12.1 62.1 14.5 11.8
2024-05-09T13:15:04.802050 6.9 61.7 10.6 9.9
2024-05-09T13:15:05.803468 10.5 61.7 13.0 14.2
2024-05-09T13:15:06.804782 14.7 57.4 9.6 6.1
2024-05-09T13:15:07.806071 0.0 0.0 0.0 0.0
2024-05-09T13:15:08.807363 4.9 26.5 4.9 4.9
2024-05-09T13:15:09.808645 18.2 63.1 15.6 10.8
2024-05-09T13:15:10.809820 11.7 63.7 7.1 13.5
2024-05-09T13:15:11.811205 10.8 63.3 8.7 13.3
2024-05-09T13:15:12.812487 11.7 63.7 7.1 15.1
2024-05-09T13:15:13.813856 9.7 51.0 8.7 8.8
2024-05-09T13:15:14.815151 0.0 1.0 1.0 0.0
2024-05-09T13:15:15.816422 6.8 37.9 5.9 8.7
2024-05-09T13:15:16.817882 17.4 66.9 13.3 17.1
2024-05-09T13:15:17.819233 15.1 67.1 19.3 12.9
2024-05-09T13:15:18.820540 14.2 66.0 9.7 14.4
2024-05-09T13:15:19.822070 18.7 66.9 8.8 11.0
2024-05-09T13:15:20.823386 10.5 41.6 6.9 5.1
2024-05-09T13:15:21.824712 0.0 0.0 0.0 1.0
2024-05-09T13:15:22.826064 10.5 50.4 9.8 8.0
2024-05-09T13:15:23.827486 18.6 67.8 13.9 15.5
2024-05-09T13:15:24.828785 12.5 68.0 18.5 14.7
2024-05-09T13:15:25.830125 12.5 68.0 13.9 17.1
2024-05-09T13:15:26.831495 15.7 68.7 14.9 14.6
2024-05-09T13:15:27.832799 8.5 29.8 3.1 4.0
2024-05-09T13:15:28.833972 0.0 0.0 0.0 1.0
2024-05-09T13:15:29.835317 11.0 63.6 6.1 13.3
2024-05-09T13:15:30.836592 19.6 73.0 9.8 14.4
2024-05-09T13:15:31.838044 14.1 73.2 6.2 12.7
2024-05-09T13:15:32.839468 12.1 72.5 13.3 9.1
2024-05-09T13:15:33.839883 15.7 71.9 13.2 14.3
2024-05-09T13:15:34.841266 2.0 15.2 6.7 3.0
2024-05-09T13:15:35.842690 1.0 4.9 1.0 0.0
2024-05-09T13:15:36.844093 19.8 75.2 14.7 17.8
2024-05-09T13:15:37.845601 17.3 74.4 17.9 10.1
2024-05-09T13:15:38.846049 15.5 75.4 10.2 11.9
2024-05-09T13:15:39.847423 14.9 74.6 10.2 11.9
2024-05-09T13:15:40.848747 14.9 74.0 11.2 16.0
2024-05-09T13:15:41.850083 1.0 0.0 0.0 0.0
2024-05-09T13:15:42.851490 2.0 20.8 5.8 3.0
2024-05-09T13:15:43.852796 20.0 80.0 17.5 17.9
2024-05-09T13:15:44.854115 15.0 81.3 12.2 14.9
2024-05-09T13:15:45.855511 15.7 79.2 11.2 12.0
2024-05-09T13:15:46.856823 13.4 80.2 17.3 13.9
2024-05-09T13:15:47.858117 5.4 66.7 12.7 10.9
2024-05-09T13:15:48.859425 1.0 0.0 0.0 0.0
2024-05-09T13:15:49.860856 5.2 37.6 9.0 4.0
2024-05-09T13:15:50.862097 18.6 80.6 19.2 9.2
2024-05-09T13:15:51.863490 14.4 81.3 14.7 8.2
2024-05-09T13:15:52.864867 16.2 82.1 13.2 9.2
2024-05-09T13:15:53.866024 18.4 80.6 16.3 8.2
2024-05-09T13:15:54.867347 12.6 51.3 10.2 7.0
2024-05-09T13:15:55.868648 0.0 1.0 0.0 0.0
2024-05-09T13:15:56.870144 12.0 56.5 10.5 10.2
2024-05-09T13:15:57.871460 19.2 87.7 12.1 14.3
2024-05-09T13:15:58.872452 14.3 86.8 19.8 10.5
2024-05-09T13:15:59.872924 17.6 86.4 11.8 10.6
2024-05-09T13:16:00.874098 16.0 85.3 14.7 10.6
2024-05-09T13:16:01.875465 7.8 36.8 4.2 3.1
2024-05-09T13:16:02.876791 1.0 2.0 0.0 0.0
2024-05-09T13:16:03.878103 16.3 78.6 16.5 14.7
2024-05-09T13:16:04.879603 19.6 93.5 19.4 6.6
2024-05-09T13:16:05.881050 12.4 94.3 8.7 12.4
2024-05-09T13:16:06.882044 14.1 96.2 18.8 12.5
2024-05-09T13:16:07.883434 14.1 95.2 19.4 12.5
2024-05-09T13:16:08.884786 1.0 17.8 2.0 3.0
2024-05-09T13:16:09.886079 0.0 2.0 0.0 0.0
2024-05-09T13:16:10.887573 10.4 100.0 9.7 12.0
2024-05-09T13:16:11.889016 17.3 100.0 14.3 9.9
2024-05-09T13:16:12.890114 11.3 100.0 10.5 11.8
2024-05-09T13:16:13.891599 17.3 100.0 12.5 14.4
2024-05-09T13:16:14.892890 10.3 98.0 16.7 8.9
2024-05-09T13:16:15.894196 0.0 0.0 0.0 2.9
2024-05-09T13:16:16.895616 3.0 21.2 2.1 5.0
2024-05-09T13:16:17.897136 16.2 100.0 19.6 15.6
2024-05-09T13:16:18.898114 15.3 100.0 13.2 13.8
2024-05-09T13:16:19.899580 19.0 100.0 14.9 6.8
2024-05-09T13:16:20.901027 16.2 100.0 21.0 14.7
2024-05-09T13:16:21.902419 12.0 79.0 14.1 14.1
2024-05-09T13:16:22.903760 1.0 1.0 0.0 0.0
2024-05-09T13:16:23.905159 10.2 41.4 6.2 2.1
2024-05-09T13:16:24.906109 24.2 100.0 16.0 9.7
2024-05-09T13:16:25.907527 20.2 100.0 12.1 11.5
2024-05-09T13:16:26.909077 22.9 100.0 14.9 14.3
2024-05-09T13:16:27.910015 21.4 100.0 16.5 10.6
2024-05-09T13:16:28.911320 14.7 58.6 10.2 9.9
2024-05-09T13:16:29.912608 0.0 0.0 0.0 0.0
2024-05-09T13:16:30.914117 7.1 61.0 9.8 6.3
2024-05-09T13:16:31.915581 9.2 100.0 17.9 8.6
2024-05-09T13:16:32.917031 10.9 100.0 19.1 9.6
2024-05-09T13:16:33.918096 18.3 100.0 24.3 10.5
2024-05-09T13:16:34.919525 14.4 100.0 17.9 9.6
2024-05-09T13:16:35.920875 6.8 39.4 8.1 7.0
2024-05-09T13:16:36.922200 1.0 1.0 0.0 0.0
2024-05-09T13:16:37.923613 9.7 82.2 13.5 10.3
2024-05-09T13:16:38.925027 17.5 100.0 17.5 12.1
2024-05-09T13:16:39.926093 18.0 100.0 16.3 10.4
2024-05-09T13:16:40.927546 16.7 100.0 17.7 10.3
2024-05-09T13:16:41.928998 16.7 100.0 14.0 9.4
2024-05-09T13:16:42.929957 4.0 18.0 3.0 2.0
2024-05-09T13:16:43.931423 0.0 3.0 0.0 1.0
2024-05-09T13:16:44.932930 12.1 100.0 15.8 23.5
2024-05-09T13:16:45.934137 12.7 100.0 16.5 16.5
2024-05-09T13:16:46.935640 14.7 100.0 19.4 21.1
2024-05-09T13:16:47.937234 10.2 100.0 17.3 22.4
2024-05-09T13:16:48.937976 13.7 98.0 15.8 17.6
2024-05-09T13:16:49.939302 1.0 0.0 1.0 0.0
2024-05-09T13:16:50.940800 2.1 21.0 1.0 2.0
2024-05-09T13:16:51.942072 14.4 100.0 10.2 8.9
2024-05-09T13:16:52.943497 14.6 100.0 7.4 13.5
2024-05-09T13:16:53.945032 15.2 100.0 6.4 17.2
2024-05-09T13:16:54.946107 14.6 100.0 8.3 13.8
2024-05-09T13:16:55.947467 5.5 79.2 6.2 11.2
2024-05-09T13:16:56.948747 1.0 1.0 1.0 1.0
2024-05-09T13:16:57.950174 5.1 37.8 3.0 7.2
2024-05-09T13:16:58.951707 13.4 100.0 6.2 17.9
2024-05-09T13:16:59.953121 11.6 100.0 6.1 16.1
2024-05-09T13:17:00.954158 13.4 100.0 14.0 16.3
2024-05-09T13:17:01.955721 13.4 100.0 7.1 20.2
2024-05-09T13:17:02.957031 7.3 63.0 3.1 12.4
2024-05-09T13:17:03.958353 0.0 0.0 0.0 0.0
2024-05-09T13:17:04.959816 8.2 55.4 10.0 13.1
2024-05-09T13:17:05.961300 15.3 100.0 14.4 16.5
2024-05-09T13:17:06.962146 17.2 100.0 13.4 20.8
2024-05-09T13:17:07.963675 12.6 100.0 11.7 20.8
2024-05-09T13:17:08.965132 14.4 100.0 12.8 22.4
2024-05-09T13:17:09.965936 3.2 45.0 7.1 8.2
2024-05-09T13:17:10.967231 0.0 0.0 1.0 0.0
2024-05-09T13:17:11.968717 8.4 75.0 17.0 14.0
2024-05-09T13:17:12.970127 10.9 100.0 19.4 15.6
2024-05-09T13:17:13.971629 17.8 100.0 17.0 17.8
2024-05-09T13:17:14.973064 13.7 100.0 23.0 12.9
2024-05-09T13:17:15.974099 11.8 100.0 21.8 9.9
2024-05-09T13:17:16.975414 5.1 25.3 8.8 5.1
2024-05-09T13:17:17.976707 0.0 0.0 1.0 0.0
2024-05-09T13:17:18.977951 1.0 0.0 0.0 0.0
2024-05-09T13:17:19.979233 1.0 1.0 0.0 0.0
