#type       avg     std     min      p5     p10     p50     p67     p75     p80     p85     p90     p95     p99    p999   p9999     QPS   target
read      434.0   680.0   173.5   244.5   272.7   406.7   442.9   462.2   475.3   493.1   512.2   546.6   672.8  8131.8 31315.0   5019.4     5000
read      490.8   594.0   173.5   229.7   250.0   477.5   541.3   573.9   595.0   622.1   653.8   704.3   881.4  8437.9 22108.4  10132.0    10000
read      545.8   762.8   160.7   227.6   252.3   511.9   600.5   645.6   677.8   714.8   760.0   830.2  1014.8 11737.6 33012.1  15000.0    15000
read      568.7   702.7   173.5   226.7   250.8   521.3   618.1   676.8   719.5   768.6   828.8   913.9  1168.5 10647.5 29572.5  19891.6    20000
read      553.1   357.3   173.5   226.0   249.5   530.6   626.5   683.8   730.6   791.2   868.1   970.9  1205.6  4022.5 13144.4  24903.2    25000
read      572.9   995.4   160.7   229.1   254.9   555.1   653.9   711.0   753.2   809.8   888.1   996.3  1176.6  3326.1 14231.7  29947.4    30000
read      580.3   400.1   160.7   230.0   257.9   563.6   665.9   722.3   765.2   820.6   898.2  1015.5  1190.0  5089.3 13694.3  34851.0    35000
read      601.2   415.3   173.5   235.5   266.1   570.5   690.5   760.0   808.7   866.8   942.2  1064.0  1275.8  2830.4 17028.9  40011.2    40000
read      615.8   399.1   173.5   243.0   279.4   586.8   706.9   772.5   820.7   878.6   954.2  1071.1  1301.8  3946.0 15603.5  45063.4    45000
read      688.9   438.7   173.5   253.8   303.6   620.9   780.6   868.7   930.3  1000.2  1090.3  1280.4  1876.4  4019.5 13302.8  50008.4    50000
read     1343.8   882.2   218.6   984.8  1028.8  1158.2  1219.4  1263.6  1324.5  1978.9  2168.5  2305.8  2521.2 13804.9 30400.1  49869.7    55000
Warning! Detected max cpu usage > 95%
CPU Usage Stats (avg/min/max): 67.61%,4.02%,100.00%
