2024-05-08T13:13:36.410833 0.0 0.0 0.0 0.0
2024-05-08T13:13:37.412125 0.0 0.0 1.0 1.0
2024-05-08T13:13:38.413419 0.0 1.0 1.0 0.0
2024-05-08T13:13:39.414724 0.0 0.0 0.0 0.0
2024-05-08T13:13:40.416012 1.0 0.0 0.0 1.0
2024-05-08T13:13:41.417322 0.0 1.0 0.0 0.0
2024-05-08T13:13:42.418637 1.0 0.0 0.0 0.0
2024-05-08T13:13:43.419960 0.0 0.0 0.0 0.0
2024-05-08T13:13:44.421314 2.0 1.0 1.0 0.0
2024-05-08T13:13:45.422650 1.0 1.0 2.0 1.0
2024-05-08T13:13:46.424010 0.0 0.0 2.0 1.0
2024-05-08T13:13:47.425312 1.0 2.0 0.0 0.0
2024-05-08T13:13:48.426610 3.9 6.0 5.0 2.0
2024-05-08T13:13:49.427906 0.0 0.0 1.0 0.0
2024-05-08T13:13:50.429214 0.0 0.0 1.0 0.0
2024-05-08T13:13:51.430513 0.0 0.0 0.0 0.0
2024-05-08T13:13:52.431804 0.0 0.0 0.0 0.0
2024-05-08T13:13:53.433102 0.0 0.0 1.0 0.0
2024-05-08T13:13:54.434188 2.0 2.0 0.0 0.0
2024-05-08T13:13:55.435496 1.0 0.0 0.0 2.0
2024-05-08T13:13:56.436824 1.0 1.0 0.0 1.0
2024-05-08T13:13:57.438137 0.0 1.0 1.0 0.0
2024-05-08T13:13:58.439317 0.0 0.0 0.0 0.0
2024-05-08T13:13:59.440610 13.2 31.6 28.8 0.0
2024-05-08T13:14:00.441887 14.0 32.9 24.2 2.0
2024-05-08T13:14:01.442652 15.7 34.8 28.2 2.0
2024-05-08T13:14:02.443954 18.3 43.9 42.9 3.0
2024-05-08T13:14:03.445290 15.7 38.0 31.9 1.0
2024-05-08T13:14:04.446655 1.0 2.9 4.9 1.0
2024-05-08T13:14:05.447948 3.0 7.5 7.5 0.0
2024-05-08T13:14:06.449368 26.7 51.4 50.6 5.9
2024-05-08T13:14:07.450764 27.3 52.1 52.2 4.0
2024-05-08T13:14:08.452034 23.2 51.9 52.2 7.7
2024-05-08T13:14:09.453425 25.0 50.8 51.6 9.4
2024-05-08T13:14:10.454716 23.2 49.7 50.5 7.7
2024-05-08T13:14:11.456063 0.0 0.0 0.0 0.0
2024-05-08T13:14:12.457396 9.3 20.7 20.8 2.0
2024-05-08T13:14:13.458785 30.1 54.3 54.1 13.8
2024-05-08T13:14:14.460067 24.0 53.2 53.3 16.1
2024-05-08T13:14:15.461447 31.9 54.1 54.3 11.2
2024-05-08T13:14:16.462823 24.6 54.1 53.8 14.5
2024-05-08T13:14:17.464229 20.8 45.7 45.7 13.8
2024-05-08T13:14:18.465532 0.0 0.0 0.0 0.0
2024-05-08T13:14:19.466809 16.4 31.9 32.4 11.1
2024-05-08T13:14:20.467592 30.6 55.6 55.3 17.9
2024-05-08T13:14:21.468895 26.0 55.0 55.8 17.1
2024-05-08T13:14:22.470181 25.2 54.7 54.9 12.3
2024-05-08T13:14:23.470779 30.9 55.7 55.0 27.6
2024-05-08T13:14:24.472140 22.0 39.3 39.0 11.1
2024-05-08T13:14:25.473467 0.0 0.0 1.0 1.0
2024-05-08T13:14:26.474687 21.5 40.3 41.0 13.6
2024-05-08T13:14:27.476045 26.4 55.9 56.8 20.7
2024-05-08T13:14:28.477347 26.4 56.4 56.3 17.9
2024-05-08T13:14:29.478665 28.5 55.9 56.8 17.7
2024-05-08T13:14:30.479936 30.3 56.2 56.8 22.5
2024-05-08T13:14:31.481271 12.6 31.8 31.8 6.8
2024-05-08T13:14:32.481789 1.0 0.0 0.0 0.0
2024-05-08T13:14:33.482808 27.3 48.7 48.7 22.0
2024-05-08T13:14:34.484153 31.3 58.1 57.6 27.6
2024-05-08T13:14:35.485487 28.9 57.9 58.5 20.5
2024-05-08T13:14:36.486744 35.0 58.7 58.4 18.5
2024-05-08T13:14:37.488125 28.3 57.2 57.6 16.7
2024-05-08T13:14:38.489428 8.5 21.4 21.2 6.7
2024-05-08T13:14:39.490602 1.0 1.0 1.0 0.0
2024-05-08T13:14:40.491916 31.8 57.6 57.4 16.5
2024-05-08T13:14:41.493209 32.6 58.6 59.2 15.9
2024-05-08T13:14:42.494190 31.1 58.8 59.5 15.0
2024-05-08T13:14:43.494728 28.9 59.2 58.9 17.4
2024-05-08T13:14:44.496017 29.1 59.2 59.5 21.1
2024-05-08T13:14:45.497341 2.9 5.8 5.8 2.0
2024-05-08T13:14:46.498775 6.7 15.3 14.4 6.7
2024-05-08T13:14:47.500223 36.7 60.4 59.6 37.3
2024-05-08T13:14:48.501518 34.1 60.6 59.9 38.8
2024-05-08T13:14:49.502968 36.0 60.4 60.5 36.8
2024-05-08T13:14:50.504261 37.0 61.6 60.2 40.0
2024-05-08T13:14:51.505525 28.8 54.5 54.8 33.3
2024-05-08T13:14:52.506860 0.0 0.0 0.0 0.0
2024-05-08T13:14:53.508164 15.2 28.1 27.5 19.3
2024-05-08T13:14:54.509476 24.8 62.1 61.3 44.1
2024-05-08T13:14:55.510977 37.1 62.1 61.0 41.2
2024-05-08T13:14:56.512392 31.7 62.1 62.0 40.2
2024-05-08T13:14:57.513712 26.1 62.5 61.3 44.1
2024-05-08T13:14:58.515044 22.9 47.5 47.2 30.6
2024-05-08T13:14:59.516373 0.0 0.0 0.0 1.0
2024-05-08T13:15:00.517684 24.4 39.5 39.1 14.0
2024-05-08T13:15:01.519003 41.5 63.9 63.5 17.6
2024-05-08T13:15:02.520464 32.8 64.3 64.3 16.8
2024-05-08T13:15:03.521800 38.1 64.9 64.1 23.4
2024-05-08T13:15:04.522776 34.4 64.5 63.9 32.0
2024-05-08T13:15:05.524182 19.1 39.1 38.1 16.4
2024-05-08T13:15:06.525478 1.0 0.0 1.0 1.0
2024-05-08T13:15:07.526788 25.0 52.6 51.1 22.8
2024-05-08T13:15:08.528177 31.5 66.0 64.9 17.6
2024-05-08T13:15:09.529511 25.2 66.4 64.9 20.2
2024-05-08T13:15:10.530805 29.8 67.1 65.1 13.4
2024-05-08T13:15:11.532264 21.1 66.2 64.5 21.7
2024-05-08T13:15:12.533587 12.7 25.7 26.1 5.0
2024-05-08T13:15:13.534920 2.0 2.0 0.0 0.0
2024-05-08T13:15:14.536474 24.8 62.3 63.2 43.6
2024-05-08T13:15:15.537781 27.6 66.9 67.1 47.8
2024-05-08T13:15:16.538792 37.6 66.2 67.1 39.5
2024-05-08T13:15:17.540440 18.4 66.7 66.9 50.3
2024-05-08T13:15:18.541742 27.6 66.7 67.3 41.1
2024-05-08T13:15:19.543044 2.0 8.7 7.8 5.8
2024-05-08T13:15:20.544453 4.0 8.8 10.5 2.0
2024-05-08T13:15:21.545645 25.9 70.9 69.0 12.8
2024-05-08T13:15:22.546826 36.9 71.4 69.4 11.7
2024-05-08T13:15:23.548394 29.7 70.4 69.0 23.1
2024-05-08T13:15:24.549722 26.1 71.5 70.2 9.9
2024-05-08T13:15:25.550638 21.0 67.4 65.5 16.0
2024-05-08T13:15:26.551574 2.0 1.0 0.0 2.0
2024-05-08T13:15:27.553021 12.3 28.1 27.8 4.1
2024-05-08T13:15:28.554537 36.7 71.9 68.7 18.9
2024-05-08T13:15:29.555928 32.1 72.5 70.4 21.4
2024-05-08T13:15:30.557365 32.7 72.3 69.4 18.7
2024-05-08T13:15:31.558899 33.6 71.6 69.4 15.2
2024-05-08T13:15:32.560317 27.6 54.4 53.4 7.6
2024-05-08T13:15:33.561633 1.0 0.0 1.0 0.0
2024-05-08T13:15:34.562710 23.9 43.6 42.0 11.9
2024-05-08T13:15:35.564246 41.0 75.0 71.7 11.1
2024-05-08T13:15:36.565775 34.9 75.0 72.8 8.0
2024-05-08T13:15:37.566794 32.1 74.8 72.1 13.0
2024-05-08T13:15:38.567791 39.5 75.0 73.3 11.1
2024-05-08T13:15:39.569103 16.5 44.1 42.1 12.6
2024-05-08T13:15:40.570445 0.0 0.0 0.0 0.0
2024-05-08T13:15:41.571929 26.3 60.3 55.9 18.8
2024-05-08T13:15:42.573114 27.5 80.0 72.3 23.7
2024-05-08T13:15:43.574794 31.6 80.0 72.5 17.6
2024-05-08T13:15:44.576321 26.4 80.5 72.5 14.5
2024-05-08T13:15:45.577745 24.3 81.1 73.1 20.5
2024-05-08T13:15:46.578595 13.1 29.4 28.3 5.2
2024-05-08T13:15:47.579881 1.0 1.0 0.0 0.0
2024-05-08T13:15:48.581353 19.8 73.3 71.5 13.3
2024-05-08T13:15:49.582837 24.5 81.1 78.7 12.6
2024-05-08T13:15:50.584425 27.0 80.6 78.9 16.5
2024-05-08T13:15:51.585996 25.5 81.5 79.2 9.5
2024-05-08T13:15:52.586956 34.7 79.8 78.1 11.5
2024-05-08T13:15:53.588273 3.9 10.7 10.8 2.0
2024-05-08T13:15:54.589595 2.0 9.7 8.7 1.0
2024-05-08T13:15:55.590722 27.7 80.0 80.8 25.0
2024-05-08T13:15:56.592324 30.5 81.1 82.0 21.8
2024-05-08T13:15:57.593622 19.8 82.0 84.0 21.8
2024-05-08T13:15:58.594916 21.5 81.1 82.6 17.9
2024-05-08T13:15:59.596423 24.2 76.7 77.6 14.5
2024-05-08T13:16:00.597758 1.0 1.0 0.0 1.0
2024-05-08T13:16:01.598941 10.8 26.9 28.6 12.9
2024-05-08T13:16:02.600958 25.3 80.6 87.6 36.4
2024-05-08T13:16:03.602570 27.6 80.0 87.2 38.3
2024-05-08T13:16:04.604366 32.4 80.0 86.8 38.3
2024-05-08T13:16:05.606090 20.9 79.4 86.3 37.2
2024-05-08T13:16:06.607439 17.2 61.2 65.1 29.9
2024-05-08T13:16:07.608758 1.0 0.0 1.0 1.0
2024-05-08T13:16:08.610181 9.5 43.9 45.2 8.6
2024-05-08T13:16:09.610830 25.0 86.2 92.5 12.2
2024-05-08T13:16:10.612236 28.3 86.3 90.9 16.1
2024-05-08T13:16:11.613636 23.5 86.1 92.6 20.0
2024-05-08T13:16:12.614839 26.0 87.1 92.7 15.3
2024-05-08T13:16:13.616149 14.0 48.6 50.0 10.8
2024-05-08T13:16:14.617437 2.0 1.0 0.0 1.0
2024-05-08T13:16:15.618779 23.8 62.6 59.5 10.6
2024-05-08T13:16:16.620485 26.9 94.3 91.8 27.1
2024-05-08T13:16:17.621809 27.8 93.5 89.1 17.9
2024-05-08T13:16:18.622810 20.9 91.8 89.4 16.7
2024-05-08T13:16:19.624570 24.7 91.7 88.4 19.0
2024-05-08T13:16:20.625901 8.2 32.0 32.4 6.4
2024-05-08T13:16:21.627223 0.0 1.0 0.0 1.0
2024-05-08T13:16:22.628965 23.6 81.1 79.8 21.0
2024-05-08T13:16:23.630540 20.8 94.3 91.7 26.0
2024-05-08T13:16:24.632325 27.0 96.2 95.2 28.8
2024-05-08T13:16:25.634133 13.0 95.3 92.6 33.0
2024-05-08T13:16:26.634854 19.4 96.1 95.2 32.5
2024-05-08T13:16:27.636272 4.0 14.1 16.7 5.1
2024-05-08T13:16:28.637874 1.0 6.9 5.0 3.0
2024-05-08T13:16:29.639591 21.2 91.8 98.1 29.4
2024-05-08T13:16:30.641265 33.3 91.7 96.1 20.3
2024-05-08T13:16:31.642980 31.0 91.7 95.3 23.1
2024-05-08T13:16:32.644698 31.6 93.5 97.1 19.4
2024-05-08T13:16:33.646026 20.7 87.0 90.5 26.2
2024-05-08T13:16:34.647339 1.0 0.0 0.0 0.0
2024-05-08T13:16:35.648825 7.3 26.2 25.7 2.1
2024-05-08T13:16:36.650314 33.0 98.0 99.0 18.2
2024-05-08T13:16:37.651806 30.2 98.0 100.0 22.3
2024-05-08T13:16:38.653322 37.2 99.0 100.0 19.6
2024-05-08T13:16:39.654918 34.8 99.0 100.0 20.4
2024-05-08T13:16:40.656234 24.7 73.0 75.0 13.0
2024-05-08T13:16:41.657547 1.0 0.0 1.0 1.0
2024-05-08T13:16:42.658784 14.9 46.0 46.0 16.8
2024-05-08T13:16:43.660491 33.0 99.0 100.0 38.9
2024-05-08T13:16:44.662311 30.0 100.0 100.0 44.4
2024-05-08T13:16:45.664292 29.0 100.0 100.0 42.6
2024-05-08T13:16:46.666023 31.0 100.0 100.0 41.1
2024-05-08T13:16:47.667380 16.8 55.4 54.0 15.6
2024-05-08T13:16:48.668689 1.0 0.0 1.0 1.0
2024-05-08T13:16:49.670025 0.0 0.0 0.0 0.0
2024-05-08T13:16:50.671323 0.0 1.0 1.0 1.0
2024-05-08T13:16:51.672591 0.0 0.0 0.0 1.0
2024-05-08T13:16:52.673880 0.0 0.0 0.0 0.0
2024-05-08T13:16:53.675185 1.0 0.0 1.0 0.0
2024-05-08T13:16:54.676507 0.0 0.0 1.0 0.0
2024-05-08T13:16:55.677811 1.0 2.0 0.0 1.0
