Random waveform, random seed
Total number of intervals = 90 (61273, 17820, 5094, 75748, 99203, 24965, 9517, 26406, 99648, 99184, 99697, 62459, 6340, 17524, 76747, 65731, 80154, 37713, 25620, 87893, 46684, 25894, 46583, 45571, 36075, 51065, 38258, 69405, 72650, 91169, 5575, 78720, 71788, 47171, 50057, 95625, 40274, 41659, 38057, 17734, 88197, 32472, 16730, 17407, 95583, 83472, 41365, 35790, 9337, 40659, 39690, 97488, 81330, 46816, 64028, 65032, 27115, 36071, 82756, 66214, 40486, 74927, 72567, 23375, 84120, 6390, 99656, 52957, 98580, 7696, 7348, 49044, 78048, 85265, 59800, 62716, 54507, 24309, 10727, 34714, 79578, 54141, 59369, 35959, 98022, 33117, 29978, 84787, 99295, 56806)
Average QPS expected = 53495
Timestamp start: 1715342736777
Timestamp end: 1715343637337

#type       avg     std     min      p5     p10     p50     p67     p75     p80     p85     p90     p95     p99    p999   p9999      QPS   target
read      390.2   255.0   173.5   223.0   236.7   344.3   413.8   458.8   495.9   542.9   599.7   668.6   825.7  2681.9  8598.3  61192.2    61273
read      427.4   297.6   173.5   221.3   233.5   415.5   493.0   529.8   553.0   579.5   613.7   677.9   923.6  3373.9 12145.1  17861.5    17820
read      426.4   582.9   187.4   244.2   276.9   383.5   409.4   426.0   436.4   455.0   476.5   525.2  1531.4  8842.3 21270.0   5055.6     5094
read      379.4   196.4   160.7   224.5   238.3   343.5   408.0   447.6   478.0   517.9   570.1   640.8   779.2  1521.0  7787.4  75503.8    75748
read      412.6   232.9   173.5   237.5   256.0   382.1   442.5   478.9   506.8   542.2   589.5   670.2   882.2  2224.5  8897.0  99178.7    99203
read      470.9   437.6   173.5   224.0   238.9   422.7   528.7   581.2   617.4   663.1   738.2   870.7  1188.3  3777.8 16561.7  25104.1    24965
read      436.5   420.0   173.5   226.4   241.8   418.1   466.4   495.6   516.6   542.2   577.5   633.8   944.5  5779.6 19545.5   9503.8     9517
read      420.6   865.8   160.7   220.7   233.5   365.7   483.4   532.8   562.7   592.3   626.1   674.9   865.9  3974.8 10217.5  26326.7    26406
read      416.8   299.2   173.5   239.5   258.7   385.6   446.6   482.9   509.6   544.3   590.9   675.7   957.7  2090.0  6968.1  99402.4    99648
read      427.5   302.3   173.5   241.2   260.9   394.4   458.0   496.7   527.0   565.5   621.9   730.3   969.0  1564.2  9220.5  99211.9    99184
read      395.4   189.5   173.5   236.9   254.6   373.1   429.8   462.6   487.7   517.7   557.3   621.7   765.4  1423.3  7686.7  99757.0    99697
read      392.7   227.1   173.5   224.8   239.1   350.2   422.4   466.4   502.5   547.6   603.7   675.1   818.7  1869.8  8016.0  62492.2    62459
read      433.3   527.7   173.5   237.1   260.3   398.5   431.5   452.5   467.4   489.3   518.1   572.5  1293.4  8937.5 18512.5   6323.3     6340
read      509.5   500.6   173.5   226.6   242.4   464.0   564.0   622.0   666.4   720.4   786.7   874.9  1192.1  7035.3 24842.8  17510.3    17524
read      404.6   254.1   173.5   228.7   243.9   363.6   430.9   470.9   503.2   542.6   594.1   675.8   987.6  3023.0  9264.9  76827.7    76747
read      397.4   208.3   173.5   226.6   240.9   358.3   430.4   472.1   506.5   548.5   601.7   675.3   836.8  2131.1  7178.6  65765.4    65731
read      393.4   217.5   173.5   229.0   243.9   360.3   425.0   463.1   493.1   530.1   578.3   650.0   809.8  2132.2  7869.5  80156.7    80154
read      460.3   370.0   173.5   224.7   239.0   367.9   480.2   554.6   603.9   657.7   738.3  1006.7  1464.7  3004.6 13129.7  37757.8    37713
read      453.2   323.0   173.5   223.8   237.5   401.5   513.7   567.2   600.7   638.2   693.0   840.5  1191.3  3885.3 12091.3  25585.5    25620
read      412.9   283.0   160.7   232.6   249.2   372.2   434.6   471.3   501.0   537.4   585.7   666.4  1149.9  3555.6  8148.6  87884.1    87893
read      409.4   296.3   173.5   224.0   238.4   356.2   441.8   495.6   538.9   588.5   640.6   705.3   868.4  3082.5  9579.8  46750.3    46684
read      459.9   343.9   173.5   224.2   238.2   402.1   517.4   572.1   607.5   648.0   716.0   880.0  1241.3  3573.3 12115.4  25856.5    25894
read      423.7   332.7   160.7   223.2   237.1   352.4   438.2   498.5   546.1   597.9   654.4   745.3  1444.0  3347.5 10487.8  46568.8    46583
read      413.4   374.3   160.7   223.2   237.0   351.3   438.2   497.1   543.9   594.4   647.0   715.3   967.2  4050.4 12068.2  45543.9    45571
read      478.6   442.7   173.5   224.0   238.3   374.5   504.4   579.5   629.4   689.9   803.3  1053.5  1459.2  4490.1 13585.6  36055.2    36075
read      408.7   592.2   160.7   224.7   238.8   355.3   434.2   484.4   527.4   578.9   634.8   705.7   907.9  3017.3 10992.0  51169.3    51065
read      479.3   445.4   173.5   224.6   239.0   373.2   496.7   572.8   623.8   683.5   793.5  1070.1  1516.7  5315.3 13489.4  38224.6    38258
read      416.0   285.0   173.5   225.9   240.8   361.7   432.8   475.6   510.6   556.0   617.5   712.9  1523.3  2941.4  8609.3  69508.5    69405
read      397.6   245.2   173.5   226.6   241.3   358.8   427.1   467.4   500.0   540.4   592.6   671.7   859.2  2320.4  9336.9  72681.9    72650
read      397.4   255.8   173.5   231.5   247.7   365.8   426.6   462.3   490.3   524.6   569.9   638.4   833.1  2535.6 10020.7  91256.9    91169
read      419.4   514.8   187.4   237.0   264.5   385.1   414.5   432.4   447.6   465.8   493.8   540.8  1282.8  7922.6 18695.1   5602.9     5575
read      416.3   370.6   173.5   228.6   244.0   366.6   434.6   474.6   506.7   546.7   600.2   685.4  1341.4  4768.0 12619.0  78548.6    78720
read      397.9   288.1   173.5   226.2   240.7   357.2   426.9   467.9   500.8   541.7   593.8   671.5   852.0  2458.8 12048.5  71822.8    71788
read      408.4   300.8   173.5   224.1   238.2   353.5   437.1   492.6   538.5   590.6   644.0   710.1   881.0  2755.7 10119.2  47233.3    47171
read      405.2   236.5   173.5   225.0   239.2   355.6   434.9   486.6   530.6   583.0   637.2   704.1   863.8  2425.9  7637.1  50160.8    50057
read      405.2   215.8   173.5   236.1   253.6   376.2   435.5   470.8   498.9   532.5   577.3   648.3   858.1  2171.8  7736.9  95349.1    95625
read      476.1   402.0   173.5   226.3   241.8   371.5   488.9   565.6   618.4   677.9   778.7  1068.8  1547.8  4383.1 10734.7  40191.7    40274
read      463.1   349.3   173.5   224.9   239.7   366.3   478.9   553.4   606.0   663.7   743.9  1018.0  1501.8  4040.4  9926.1  41734.1    41659
read      483.1   446.0   173.5   223.6   238.2   377.0   503.2   575.7   626.5   689.3   816.9  1089.2  1528.1  4562.5 13762.2  38074.5    38057
read      490.4   834.6   173.5   220.5   234.6   445.3   523.4   567.2   600.7   645.6   710.3   807.2  1253.5  8621.8 32259.7  17646.9    17734
read      408.9   365.5   173.5   229.7   245.8   366.9   429.9   466.7   495.8   531.5   579.9   660.1  1059.3  3970.8 12740.6  88243.2    88197
read      460.7   406.1   173.5   221.9   235.6   374.1   501.9   567.4   609.0   656.1   730.7   939.1  1365.2  4232.5 12318.9  32367.5    32472
read      488.5   530.4   173.5   222.8   237.5   445.7   532.6   581.2   618.9   665.0   723.9   809.0  1240.1  6972.7 27246.7  16617.4    16730
read      520.4   703.3   173.5   222.0   236.6   455.5   554.5   614.1   656.8   703.5   761.1   852.1  1485.2 10157.3 30952.8  17479.4    17407
read      414.0   373.3   173.5   231.8   248.9   372.4   434.2   471.2   501.3   538.6   589.7   680.3   963.7  4402.3 12474.6  95596.3    95583
read      389.2   250.6   173.5   225.6   240.3   352.5   416.6   454.0   482.5   519.0   567.9   639.6   827.3  2677.3  9148.1  83455.6    83472
read      472.8   810.3   173.5   223.1   237.1   363.1   476.8   553.0   605.7   665.3   759.5  1046.3  1545.9  5799.9 18267.1  41548.5    41365
read      473.7   444.8   173.5   222.4   236.5   372.8   503.4   576.6   625.0   682.2   790.4  1029.0  1428.3  4242.2 14172.2  35800.5    35790
read      429.9   392.8   173.5   225.4   240.9   409.1   454.9   481.2   501.0   525.9   557.9   615.9   992.4  5430.3 15710.0   9324.1     9337
read      466.6   430.4   173.5   222.5   236.4   361.4   478.3   554.6   606.2   663.9   756.2  1035.1  1508.8  5135.7 13535.8  40599.4    40659
read      478.2   466.5   173.5   223.2   237.4   367.7   492.4   569.7   622.3   685.5   807.1  1076.8  1526.4  5286.3 12301.3  39495.9    39690
read      394.4   226.2   173.5   232.5   249.2   365.9   423.4   457.2   482.8   514.0   556.6   626.2   820.7  2424.3  8568.3  97476.9    97488
read      390.8   295.6   173.5   225.7   240.4   352.7   417.0   454.8   483.8   521.0   571.4   645.6   844.6  2767.0  9748.0  81277.7    81330
read      404.6   587.7   173.5   222.0   235.5   346.2   432.1   489.6   536.1   587.9   639.6   704.0   886.5  2538.9 10102.5  46735.9    46816
read      391.8   283.6   173.5   223.7   237.3   347.4   417.8   460.2   495.2   540.6   598.0   672.4   816.0  2417.8 11211.9  64060.8    64028
read      391.8   268.6   173.5   223.6   237.4   348.2   418.4   460.3   494.5   538.9   595.7   671.5   836.7  2395.0 10033.1  65081.1    65032
read      473.5   476.3   173.5   222.5   236.4   409.1   524.9   580.9   618.3   663.2   736.2   900.8  1278.5  6493.1 17359.8  27162.9    27115
read      472.4   412.9   173.5   222.5   236.4   373.3   503.4   576.3   624.5   682.4   787.9  1014.4  1410.0  4679.0 12903.3  36117.4    36071
read      403.5   334.6   173.5   226.9   242.0   358.7   423.6   461.5   491.6   529.7   580.8   661.5  1244.5  3348.1 10700.9  82689.1    82756
read      391.9   256.8   173.5   223.5   237.2   349.2   418.5   460.6   495.0   540.0   598.1   675.9   845.8  2225.3  8530.2  66191.0    66214
read      470.3   472.3   173.5   222.9   237.0   364.2   481.3   557.5   610.5   669.7   763.0  1041.0  1517.2  5547.2 15715.3  40604.5    40486
read      423.2   466.5   173.5   226.1   240.9   360.7   428.6   468.6   502.0   544.5   601.9   692.8  1677.2  6141.8 17937.7  74971.9    74927
read      393.6   328.3   173.5   224.7   238.8   350.5   419.2   459.5   491.7   532.6   586.3   664.5   847.1  3108.3 11350.3  72687.2    72567
read      464.9   603.2   173.5   221.7   235.1   411.0   511.2   559.5   590.0   626.7   679.9   805.6  1189.2  8235.6 30238.0  23285.2    23375
read      420.9   421.4   160.7   230.5   246.5   370.0   436.2   475.9   507.0   545.9   596.6   681.1  1309.2  5949.2 15402.2  84041.8    84120
read      621.2  1879.5   173.5   230.1   251.4   398.4   443.6   471.6   493.7   519.3   557.3   738.2  6140.1 32118.6 38399.6   6389.3     6390
read      435.9   423.2   173.5   240.3   260.3   394.1   458.7   498.0   528.7   566.9   619.0   702.3   936.7  5077.6 16432.8  99502.5    99656
read      407.3   309.9   173.5   226.9   241.9   356.9   433.3   482.6   525.2   577.6   633.9   702.0   871.1  2184.2 10255.0  52944.5    52957
read      426.9   360.0   173.5   238.2   257.2   387.2   450.9   489.8   519.5   555.7   605.3   686.9   966.4  3665.1 13262.1  98654.0    98580
read      395.2   381.1   187.4   234.2   251.7   386.3   414.2   429.1   439.5   454.7   469.9   501.1   601.5  6735.4 16442.9   7734.7     7696
read      397.9   410.6   187.4   235.1   253.5   386.7   413.9   428.6   438.4   453.6   468.7   500.4   614.4  6413.7 17126.2   7369.4     7348
read      382.7   205.4   173.5   219.9   232.1   337.0   413.2   465.7   508.7   558.2   608.5   664.5   747.8  1359.0  7893.5  48927.6    49044
read      364.8   181.5   160.7   221.9   234.5   333.3   393.8   429.2   457.0   492.9   542.5   612.3   717.8  1016.7  8332.8  77944.5    78048
read      362.0   159.3   160.7   222.6   235.6   333.3   391.1   424.6   450.9   484.5   531.7   598.9   707.4   967.2  6396.9  85279.9    85265
read      373.4   186.2   160.7   220.7   233.0   335.7   401.9   445.3   479.9   525.0   577.9   638.2   734.7  1275.8  7205.2  59744.8    59800
read      369.9   171.7   173.5   220.1   232.3   336.5   401.2   441.2   472.2   512.4   561.8   624.4   725.7  1153.5  6584.2  62619.6    62716
read      377.6   183.3   160.7   220.4   232.6   335.0   404.3   453.4   493.8   543.7   598.4   658.5   745.2  1283.4  7551.0  54511.0    54507
read      400.8   243.4   160.7   220.3   232.8   366.1   471.4   515.5   541.1   567.3   593.9   633.5   729.3  1957.5  9832.1  24325.1    24309
read      405.3   293.1   173.5   230.0   245.5   404.9   444.2   464.2   478.3   495.0   513.5   546.1   698.8  3865.2 15139.8  10689.7    10727
read      394.1   540.0   173.5   218.9   230.8   340.2   446.7   505.9   543.3   579.4   616.6   663.0   747.3  1671.0  7675.8  34528.4    34714
read      368.4   163.5   160.7   223.1   236.6   338.4   398.2   433.4   461.8   498.2   546.2   615.6   727.5  1004.3  5971.1  79590.7    79578
read      377.6   202.0   160.7   220.3   232.3   336.4   406.7   453.8   492.3   540.6   593.0   649.2   737.0  1306.2  8347.4  54163.0    54141
read      376.3   202.0   160.7   221.6   234.1   337.3   404.2   448.5   484.5   531.9   586.4   646.8   741.5  1127.5  6942.4  59308.9    59369
read      394.7   227.8   160.7   219.3   231.5   342.5   444.5   505.0   543.7   580.8   618.7   665.5   747.8  1709.1  9025.3  35989.6    35959
read      360.2   152.0   160.7   225.2   239.3   337.8   390.5   420.6   443.1   470.8   509.3   570.1   679.5  1006.4  6490.8  97965.8    98022
read      394.9   271.6   173.5   218.7   230.5   340.9   449.7   506.2   542.5   576.7   612.3   656.3   739.3  1840.1 12217.5  33058.2    33117
read      398.1   252.9   173.5   219.4   231.5   345.0   460.5   514.7   547.9   579.3   612.9   654.4   739.0  1865.8  8565.6  30105.7    29978
read      359.7   274.6   173.5   222.4   235.3   331.4   388.0   420.9   446.3   478.7   524.9   590.8   694.2   915.1  6841.1  84887.3    84787
read      361.3   162.8   173.5   226.0   240.4   340.0   392.3   422.1   444.2   471.1   508.9   568.8   676.2   869.7  6499.7  99328.9    99295
read      375.5   193.9   160.7   220.6   232.7   334.8   402.3   448.4   487.1   536.1   590.4   649.1   740.0  1257.0  7886.1  56816.0    56806

Total QPS = 53485.2 (48136716 / 900.0s)

Total connections = 64
Misses = 0 (0.0%)
Skipped TXs = 0 (0.0%)

RX 11889768852 bytes :   12.6 MB/s
TX          0 bytes :    0.0 MB/s
Warning! Detected max cpu usage > 95%
CPU Usage Stats (avg/min/max): 99.96%,49.49%,100.00%
