#type       avg     std     min      p5     p10     p50     p67     p75     p80     p85     p90     p95     p99    p999   p9999      QPS   target       ts_start         ts_end
read      370.2   329.9   160.7   230.5   245.8   333.6   384.1   414.7   436.8   464.1   499.0   551.0   727.6  5355.1 13587.3  29951.9    30000  1714651567844  1714651578014
read      390.8   430.7   160.7   233.6   251.0   348.7   402.6   434.8   459.2   488.0   525.7   588.5   782.9  7323.1 19299.2  30034.5    30005  1714651579523  1714651589686
read      373.2   303.8   160.7   229.0   244.7   336.1   388.9   421.2   445.0   472.3   508.0   565.7   737.5  4913.8 12968.9  29972.9    30010  1714651591195  1714651601313
read      381.8   354.2   160.7   234.3   250.4   345.0   397.7   429.3   453.0   480.7   516.2   573.1   739.1  5979.9 15587.9  30021.3    30015  1714651602819  1714651612932
read      375.3   416.5   160.7   227.1   243.0   333.5   384.9   416.8   440.3   468.2   504.3   558.7   733.7  6926.8 16701.9  30024.8    30020  1714651614439  1714651624554
read      366.1   350.2   160.7   228.1   243.1   328.1   377.6   409.0   432.5   460.6   495.9   547.7   705.0  5162.1 15459.1  30095.4    30025  1714651626063  1714651636183
read      379.4   396.6   160.7   231.9   247.4   336.7   388.4   420.5   444.4   472.0   508.3   567.5   746.2  6139.6 16268.8  30022.8    30030  1714651637693  1714651647808
read      368.2   474.0   173.5   228.2   242.8   322.9   370.2   400.9   424.8   452.4   486.7   539.3   715.6  7696.3 20072.6  30017.7    30035  1714651649315  1714651659433
read      360.7   372.5   160.7   226.5   241.2   319.2   365.7   395.5   418.5   445.7   480.0   532.9   714.6  6879.3 12681.4  29940.5    30040  1714651660941  1714651671057
read      370.3   402.1   160.7   226.8   242.0   329.1   379.6   411.3   435.1   463.4   498.7   551.9   726.8  6508.6 16775.9  30006.2    30045  1714651672564  1714651682685
read      365.0   401.0   160.7   227.4   241.9   320.3   367.3   397.3   420.6   447.7   481.1   533.3   723.6  7112.9 12914.4  30040.3    30050  1714651684193  1714651694312
read      356.0   397.5   160.7   223.6   237.7   315.7   362.5   393.0   416.2   443.4   476.7   529.1   687.3  6594.6 17012.8  30019.0    30055  1714651695819  1714651705941
read      357.1   298.5   160.7   224.4   239.9   327.9   376.3   405.3   427.9   453.5   484.9   533.3   665.7  3363.8 15291.0  30125.2    30060  1714651707449  1714651717562
read      356.6   281.0   160.7   223.8   239.1   329.9   379.6   408.9   430.9   456.8   488.3   535.2   659.3  2479.2 15195.1  30057.3    30065  1714651719070  1714651729190
read      354.1   287.6   160.7   226.7   241.5   322.1   368.4   397.5   419.6   445.2   477.0   527.9   683.2  3672.4 12541.3  30089.3    30070  1714651730699  1714651740847
read      360.6   282.0   160.7   224.2   240.2   328.3   376.1   404.3   426.5   452.0   484.7   539.8   792.7  4112.1 11362.1  30065.6    30075  1714651742357  1714651752640
read      357.1   380.7   160.7   224.0   238.4   317.8   363.3   391.5   413.0   438.8   471.4   529.9   803.2  5736.2 15945.2  30045.5    30080  1714651754148  1714651764381
Connection.cc(491): Unexpected EOF from server.
Connection.cc(491): Unexpected EOF from server.
Connection.cc(491): Unexpected EOF from server.
Connection.cc(491): Unexpected EOF from server.
