2024-05-09T13:17:56.387065 0.0 0.0 0.0 0.0
2024-05-09T13:17:57.388409 2.0 0.0 1.0 1.0
2024-05-09T13:17:58.389741 1.0 0.0 0.0 0.0
2024-05-09T13:17:59.391046 2.0 2.0 0.0 1.0
2024-05-09T13:18:00.392322 0.0 0.0 0.0 0.0
2024-05-09T13:18:01.393643 0.0 0.0 0.0 0.0
2024-05-09T13:18:02.394956 0.0 1.0 0.0 0.0
2024-05-09T13:18:03.396251 1.0 0.0 1.0 1.0
2024-05-09T13:18:04.397538 0.0 0.0 1.0 0.0
2024-05-09T13:18:05.397946 1.0 1.0 0.0 0.0
2024-05-09T13:18:06.399240 0.0 0.0 0.0 0.0
2024-05-09T13:18:07.400586 2.0 2.0 1.0 1.0
2024-05-09T13:18:08.401908 0.0 0.0 1.0 2.0
2024-05-09T13:18:09.403242 3.0 3.0 3.9 2.0
2024-05-09T13:18:10.404556 0.0 0.0 0.0 1.0
2024-05-09T13:18:11.405921 1.0 0.0 1.0 1.0
2024-05-09T13:18:12.407206 0.0 0.0 0.0 0.0
2024-05-09T13:18:13.408523 1.0 1.0 1.0 1.0
2024-05-09T13:18:14.409874 0.0 0.0 0.0 0.0
2024-05-09T13:18:15.411187 1.0 0.0 0.0 1.0
2024-05-09T13:18:16.412481 2.0 0.0 1.0 0.0
2024-05-09T13:18:17.413822 2.0 1.0 2.0 1.0
2024-05-09T13:18:18.415102 0.0 2.0 0.0 0.0
2024-05-09T13:18:19.416421 1.0 1.0 1.0 2.0
2024-05-09T13:18:20.417125 0.0 1.0 1.0 0.0
2024-05-09T13:18:21.417966 2.0 2.0 1.0 2.0
2024-05-09T13:18:22.419303 0.0 0.0 0.0 0.0
2024-05-09T13:18:23.420603 1.0 3.1 1.0 0.0
2024-05-09T13:18:24.421944 1.0 3.1 0.0 1.0
2024-05-09T13:18:25.423216 0.0 3.2 2.0 2.0
2024-05-09T13:18:26.423582 1.0 2.2 0.0 0.0
2024-05-09T13:18:27.424866 1.0 4.2 3.0 3.0
2024-05-09T13:18:28.426030 2.0 1.0 3.0 1.0
2024-05-09T13:18:29.427314 0.0 0.0 0.0 0.0
2024-05-09T13:18:30.428612 3.0 19.5 2.0 3.9
2024-05-09T13:18:31.429954 2.0 31.2 2.0 2.0
2024-05-09T13:18:32.431260 4.0 30.6 4.0 5.0
2024-05-09T13:18:33.432545 3.1 29.2 5.0 5.9
2024-05-09T13:18:34.433438 2.0 31.5 3.0 4.0
2024-05-09T13:18:35.434838 2.0 12.1 1.0 3.9
2024-05-09T13:18:36.436124 1.0 0.0 0.0 0.0
2024-05-09T13:18:37.437622 7.7 41.0 4.0 4.0
2024-05-09T13:18:38.438009 12.8 50.3 6.9 6.9
2024-05-09T13:18:39.439306 6.8 49.0 10.3 3.0
2024-05-09T13:18:40.440589 10.4 49.4 10.3 6.8
2024-05-09T13:18:41.442017 8.6 51.2 4.0 5.0
2024-05-09T13:18:42.443317 3.9 16.8 1.0 1.0
2024-05-09T13:18:43.444614 0.0 0.0 0.0 0.0
2024-05-09T13:18:44.446017 10.4 53.9 5.0 5.1
2024-05-09T13:18:45.447353 15.5 56.1 5.9 9.6
2024-05-09T13:18:46.448639 5.9 56.7 5.9 7.8
2024-05-09T13:18:47.450048 8.8 57.0 10.4 7.9
2024-05-09T13:18:48.451362 9.7 57.6 11.3 6.0
2024-05-09T13:18:49.452688 2.0 7.5 0.0 0.0
2024-05-09T13:18:50.454075 1.0 10.3 1.0 2.9
2024-05-09T13:18:51.455393 11.2 59.6 7.9 13.9
2024-05-09T13:18:52.456671 8.7 59.5 3.1 18.4
2024-05-09T13:18:53.458050 11.9 59.8 11.3 10.6
2024-05-09T13:18:54.459367 14.5 59.6 13.1 12.3
2024-05-09T13:18:55.460651 9.5 55.6 4.0 9.6
2024-05-09T13:18:56.461962 2.0 2.9 0.0 2.0
2024-05-09T13:18:57.463283 5.9 24.8 3.0 2.0
2024-05-09T13:18:58.464570 22.2 61.0 19.5 13.3
2024-05-09T13:18:59.465363 17.4 61.2 17.9 15.0
2024-05-09T13:19:00.466051 18.8 60.6 15.6 15.9
2024-05-09T13:19:01.467368 14.2 61.0 19.3 11.5
2024-05-09T13:19:02.468662 11.4 48.6 10.5 9.7
2024-05-09T13:19:03.469966 0.0 0.0 0.0 0.0
2024-05-09T13:19:04.471290 8.7 37.0 9.6 5.0
2024-05-09T13:19:05.472129 14.2 62.9 12.6 6.1
2024-05-09T13:19:06.473687 13.3 63.3 13.5 7.1
2024-05-09T13:19:07.475118 18.3 63.8 18.2 13.2
2024-05-09T13:19:08.476401 15.7 63.1 16.7 9.8
2024-05-09T13:19:09.477768 11.2 41.2 7.8 8.6
2024-05-09T13:19:10.479057 0.0 0.0 0.0 0.0
2024-05-09T13:19:11.480357 6.1 49.6 15.6 7.1
2024-05-09T13:19:12.481798 14.2 65.1 16.8 13.7
2024-05-09T13:19:13.483210 17.9 65.8 18.2 16.8
2024-05-09T13:19:14.483596 9.9 65.8 18.5 15.4
2024-05-09T13:19:15.484878 12.5 65.8 18.2 11.1
2024-05-09T13:19:16.486200 5.8 29.1 6.8 5.0
2024-05-09T13:19:17.487482 1.0 1.0 0.0 0.0
2024-05-09T13:19:18.488766 15.2 60.7 19.8 8.9
2024-05-09T13:19:19.490073 15.2 69.7 17.0 15.1
2024-05-09T13:19:20.491404 14.6 68.1 18.5 15.9
2024-05-09T13:19:21.492735 20.5 68.7 13.6 18.9
2024-05-09T13:19:22.494067 18.5 67.6 14.6 13.3
2024-05-09T13:19:23.495383 3.9 15.7 3.0 1.0
2024-05-09T13:19:24.496663 1.0 2.0 2.0 1.0
2024-05-09T13:19:25.498040 16.5 72.5 17.3 17.8
2024-05-09T13:19:26.499490 16.5 72.3 15.4 13.5
2024-05-09T13:19:27.500799 14.3 72.5 19.4 17.0
2024-05-09T13:19:28.502263 14.8 72.1 18.7 16.8
2024-05-09T13:19:29.503586 21.4 71.5 14.6 20.2
2024-05-09T13:19:30.504914 0.0 0.0 0.0 0.0
2024-05-09T13:19:31.506060 4.9 20.4 2.0 2.0
2024-05-09T13:19:32.507606 18.8 74.6 16.0 16.5
2024-05-09T13:19:33.508923 18.4 74.6 9.4 13.7
2024-05-09T13:19:34.510027 15.2 74.1 17.5 11.3
2024-05-09T13:19:35.511500 15.7 73.5 13.0 12.1
2024-05-09T13:19:36.512840 15.5 62.2 14.4 11.0
2024-05-09T13:19:37.514160 2.0 1.0 2.0 0.0
2024-05-09T13:19:38.515715 10.5 35.5 5.9 6.2
2024-05-09T13:19:39.517322 17.9 81.1 9.0 19.4
2024-05-09T13:19:40.518956 14.9 82.8 14.3 16.0
2024-05-09T13:19:41.520291 21.1 81.8 13.3 12.1
2024-05-09T13:19:42.521779 15.5 81.6 14.3 13.2
2024-05-09T13:19:43.523165 5.2 54.0 3.1 10.2
2024-05-09T13:19:44.524490 2.0 0.0 1.0 0.0
2024-05-09T13:19:45.525972 11.8 51.8 12.5 9.2
2024-05-09T13:19:46.527418 11.3 83.3 15.2 15.5
2024-05-09T13:19:47.528759 20.8 84.7 17.0 13.7
2024-05-09T13:19:48.530200 21.8 83.2 20.8 11.8
2024-05-09T13:19:49.531764 20.4 84.0 16.7 12.8
2024-05-09T13:19:50.533108 10.6 41.1 7.1 6.2
2024-05-09T13:19:51.534013 0.0 0.0 0.0 0.0
2024-05-09T13:19:52.535477 10.3 71.4 5.5 14.6
2024-05-09T13:19:53.536881 18.4 93.5 13.5 17.0
2024-05-09T13:19:54.538184 18.9 90.9 10.6 20.2
2024-05-09T13:19:55.539648 17.1 89.4 18.1 15.0
2024-05-09T13:19:56.541099 14.9 90.0 14.1 20.2
2024-05-09T13:19:57.541927 3.1 25.2 2.1 3.0
2024-05-09T13:19:58.543206 2.0 0.0 1.0 1.0
2024-05-09T13:19:59.544572 10.4 87.2 15.8 10.4
2024-05-09T13:20:00.546006 17.3 90.9 16.8 12.2
2024-05-09T13:20:01.547433 13.1 91.7 21.0 10.4
2024-05-09T13:20:02.548884 19.2 93.5 13.3 12.4
2024-05-09T13:20:03.550051 14.3 93.5 16.1 9.6
2024-05-09T13:20:04.551413 2.0 6.9 2.0 2.9
2024-05-09T13:20:05.552781 1.0 10.0 1.0 3.0
2024-05-09T13:20:06.554218 15.3 98.1 16.1 11.1
2024-05-09T13:20:07.555701 14.3 97.1 11.2 16.7
2024-05-09T13:20:08.557273 15.8 98.0 16.0 18.6
2024-05-09T13:20:09.558092 13.4 99.0 15.1 16.7
2024-05-09T13:20:10.559406 16.7 89.0 12.9 15.5
2024-05-09T13:20:11.560705 1.0 0.0 0.0 1.0
2024-05-09T13:20:12.562009 4.1 29.0 3.1 7.8
2024-05-09T13:20:13.563417 22.0 100.0 14.3 15.3
2024-05-09T13:20:14.564881 19.4 100.0 18.6 12.8
2024-05-09T13:20:15.566315 19.2 100.0 12.5 8.7
2024-05-09T13:20:16.567767 20.0 100.0 11.6 8.9
2024-05-09T13:20:17.569082 13.3 72.0 7.4 7.4
2024-05-09T13:20:18.570220 0.0 0.0 0.0 0.0
2024-05-09T13:20:19.571678 7.3 46.5 8.1 7.1
2024-05-09T13:20:20.573081 22.2 100.0 15.5 16.0
2024-05-09T13:20:21.574071 14.3 100.0 11.7 12.5
2024-05-09T13:20:22.575469 18.9 100.0 12.6 14.3
2024-05-09T13:20:23.576977 22.0 100.0 15.3 8.6
2024-05-09T13:20:24.578309 12.9 54.0 5.3 8.1
2024-05-09T13:20:25.579589 0.0 0.0 0.0 0.0
2024-05-09T13:20:26.581012 9.1 65.0 7.4 8.3
2024-05-09T13:20:27.582037 10.8 100.0 17.3 12.6
2024-05-09T13:20:28.583469 9.7 100.0 19.0 12.5
2024-05-09T13:20:29.584940 17.8 100.0 13.7 12.5
2024-05-09T13:20:30.586348 17.0 100.0 18.2 10.6
2024-05-09T13:20:31.587766 6.9 36.6 3.1 3.1
2024-05-09T13:20:32.589064 1.0 0.0 2.0 0.0
2024-05-09T13:20:33.590065 18.8 84.0 5.3 12.9
2024-05-09T13:20:34.591547 15.1 100.0 10.2 21.0
2024-05-09T13:20:35.592924 11.0 100.0 7.4 21.8
2024-05-09T13:20:36.594049 15.5 100.0 4.3 21.2
2024-05-09T13:20:37.595559 17.5 100.0 9.4 15.2
2024-05-09T13:20:38.596883 2.0 18.8 0.0 4.0
2024-05-09T13:20:39.598216 1.0 3.0 2.0 2.0
2024-05-09T13:20:40.599595 20.6 100.0 17.2 23.2
2024-05-09T13:20:41.601158 16.5 100.0 13.3 23.0
2024-05-09T13:20:42.602058 14.7 100.0 13.5 21.2
2024-05-09T13:20:43.603533 15.3 100.0 15.2 18.1
2024-05-09T13:20:44.604824 15.6 96.0 17.9 18.1
2024-05-09T13:20:45.606179 0.0 0.0 0.0 0.0
2024-05-09T13:20:46.607607 4.1 23.8 3.0 4.0
2024-05-09T13:20:47.609090 22.5 100.0 11.5 15.6
2024-05-09T13:20:48.610121 24.3 100.0 18.5 13.5
2024-05-09T13:20:49.611505 11.2 100.0 15.7 10.8
2024-05-09T13:20:50.612480 27.3 100.0 9.4 15.5
2024-05-09T13:20:51.613822 17.6 78.0 10.0 10.3
2024-05-09T13:20:52.615112 2.0 0.0 0.0 1.0
2024-05-09T13:20:53.616562 9.2 42.0 12.6 3.2
2024-05-09T13:20:54.617990 24.0 100.0 20.2 11.7
2024-05-09T13:20:55.619394 16.0 100.0 18.1 9.8
2024-05-09T13:20:56.620820 18.6 100.0 19.8 12.6
2024-05-09T13:20:57.622014 21.0 100.0 21.2 20.6
2024-05-09T13:20:58.623338 15.4 58.0 7.4 9.1
2024-05-09T13:20:59.624634 0.0 0.0 1.0 1.0
2024-05-09T13:21:00.626178 6.4 62.4 7.4 14.1
2024-05-09T13:21:01.627675 7.8 100.0 14.7 23.0
2024-05-09T13:21:02.629160 17.0 100.0 18.4 16.1
2024-05-09T13:21:03.630161 14.4 100.0 16.7 14.3
2024-05-09T13:21:04.631733 13.5 100.0 14.9 17.2
2024-05-09T13:21:05.633115 7.9 37.4 6.1 5.2
2024-05-09T13:21:06.634424 0.0 1.0 2.0 1.0
2024-05-09T13:21:07.635938 12.4 82.0 12.4 19.2
2024-05-09T13:21:08.637427 12.4 100.0 9.8 22.2
2024-05-09T13:21:09.638027 16.8 100.0 14.6 18.1
2024-05-09T13:21:10.639505 17.5 100.0 17.2 19.8
2024-05-09T13:21:11.641117 13.3 100.0 14.3 17.2
2024-05-09T13:21:12.641973 3.0 19.8 3.0 4.0
2024-05-09T13:21:13.643282 1.0 0.0 0.0 1.0
2024-05-09T13:21:14.644597 1.0 0.0 0.0 1.0
2024-05-09T13:21:15.645929 0.0 0.0 0.0 0.0
