Random waveform, supplied seed
Total number of intervals = 180 (7434, 67201, 85927, 63953, 31595, 87879, 7287, 62295, 6561, 22532, 60653, 59076, 60154, 22964, 8172, 27652, 37594, 24367, 33771, 84944, 85666, 51918, 34406, 28664, 38289, 20658, 13840, 93419, 98284, 71313, 42089, 46458, 30755, 42889, 93552, 65694, 29574, 51355, 67361, 16287, 81508, 87619, 99068, 51267, 11822, 97494, 97350, 55460, 85984, 82043, 52873, 13911, 49984, 9274, 27187, 18735, 86505, 93039, 75999, 32324, 84255, 81759, 37291, 53818, 30297, 31569, 38927, 10652, 98119, 48176, 34929, 69735, 20753, 84642, 42333, 61587, 77998, 97625, 23781, 66723, 31016, 47394, 95335, 5252, 65908, 16889, 42912, 99898, 26385, 22616, 50605, 90283, 26273, 48521, 34058, 75648, 19482, 15054, 75754, 5187, 17656, 96343, 36665, 85269, 31525, 61798, 12253, 25710, 79937, 7271, 85861, 91467, 72217, 31080, 76878, 84584, 12492, 57106, 96245, 6791, 90728, 5151, 82969, 42635, 99337, 95192, 69200, 49459, 29055, 64324, 5705, 84816, 23714, 74116, 19948, 44213, 19454, 7190, 47657, 44399, 6481, 5807, 83137, 9580, 37385, 33706, 35204, 50438, 48878, 42682, 27416, 64424, 64364, 5481, 26227, 26586, 86286, 24452, 26832, 29795, 46224, 84587, 63389, 46953, 90536, 12508, 38491, 97806, 11813, 39665, 53571, 63215, 78767, 8615, 67903, 16398, 53434, 38068, 9130, 69227)
Average QPS expected = 49317
Timestamp start: 1715518410824
Timestamp end: 1715519311393

#type       avg     std     min      p5     p10     p50     p67     p75     p80     p85     p90     p95     p99    p999   p9999      QPS   target
read      360.9   532.8   160.7   209.6   226.1   323.5   351.8   367.3   378.0   392.1   407.8   438.4   966.5  8600.8 19978.1   7364.0     7434
read      358.1   172.6   148.8   200.9   214.0   329.0   392.7   430.9   461.1   497.6   542.3   609.8   746.3  1420.4  4473.2  66978.8    67201
read      355.8   182.9   148.8   201.7   215.1   326.9   388.9   425.5   453.4   487.2   531.6   596.6   744.8  1588.7  6914.8  85956.4    85927
read      362.8   191.3   148.8   200.1   213.2   329.7   395.0   435.4   467.0   505.4   553.3   626.3   794.2  1666.8  5981.8  64022.0    63953
read      372.1   260.6   148.8   196.3   209.3   325.9   404.8   455.8   489.5   525.5   567.9   632.9   988.8  2163.1  9912.2  31589.8    31595
read      361.1   253.3   148.8   201.6   214.9   325.5   386.7   424.1   453.2   488.6   535.4   610.0   828.0  2410.4  7019.1  87705.8    87879
read      332.0   303.1   160.7   205.0   221.6   317.8   346.9   363.6   374.1   389.1   404.4   436.8   581.8  4067.6 12312.3   7261.6     7287
read      351.7   185.5   148.8   195.4   208.2   318.1   377.8   416.2   447.6   487.8   539.0   609.8   761.6  1904.4  6165.9  62168.6    62295
read      333.3   397.8   160.7   206.3   224.7   312.6   339.8   354.9   365.8   378.2   397.0   430.8   583.9  6088.8 14755.0   6555.6     6561
read      367.4   307.3   148.8   197.5   210.2   328.2   410.4   452.5   478.4   504.7   538.1   590.2   872.9  3550.0 12144.6  22448.4    22532
read      368.2   304.6   148.8   199.1   212.2   328.8   394.5   435.3   468.5   508.6   559.0   632.7   830.3  2446.7 10195.6  60722.6    60653
read      359.5   196.7   148.8   198.7   211.9   326.0   391.4   431.7   464.0   502.8   550.0   619.8   755.5  1749.4  7778.0  59180.0    59076
read      368.0   295.6   148.8   201.5   214.8   333.7   398.1   436.9   468.6   505.9   550.6   620.4   800.8  2450.9  8131.9  60144.6    60154
read      366.4   223.9   160.7   202.6   214.7   336.9   415.8   455.5   480.6   506.6   538.2   585.5   723.5  2666.6  8104.6  22916.4    22964
read      340.1   335.9   160.7   207.4   222.9   326.9   358.6   374.8   387.5   400.2   418.9   445.9   532.4  4347.2 14485.6   8077.0     8172
read      360.9   260.0   148.8   200.0   212.6   325.9   403.0   447.9   476.5   505.9   539.8   588.5   709.8  1487.5 12398.3  27573.2    27652
read      369.0   261.9   148.8   202.5   215.4   332.8   406.0   452.4   485.5   521.2   562.5   624.5   767.8  1640.4 12163.5  37435.6    37594
read      370.1   299.0   148.8   204.8   218.7   336.3   417.4   459.0   484.9   510.9   541.1   583.8   687.5  3949.4 14135.6  24328.8    24367
read      365.5   211.9   148.8   203.5   217.3   329.8   404.0   452.3   484.7   519.0   556.2   611.9   732.3  1175.2  9067.9  33631.8    33771
read      365.8   192.5   148.8   205.6   220.1   334.9   398.9   437.7   467.6   502.6   547.1   619.4   778.4  1590.5  6221.4  85013.8    84944
read      363.8   184.5   148.8   204.3   218.4   333.2   396.7   434.7   464.5   500.6   546.6   620.9   787.1  1354.5  7545.6  85627.6    85666
read      379.3   211.9   148.8   203.6   216.9   342.7   414.8   459.7   494.6   535.9   587.0   661.3   850.1  1713.6  7542.3  51880.4    51918
read      379.3   283.7   148.8   200.4   212.9   331.8   409.9   461.3   497.4   536.1   581.7   652.1  1053.6  2339.1 10208.8  34233.0    34406
read      376.3   370.7   148.8   198.4   211.0   329.0   412.4   462.0   494.0   528.0   567.1   626.9   950.0  3202.5 18048.4  28643.8    28664
read      380.6   284.1   148.8   200.5   213.3   333.0   407.2   458.1   495.2   536.4   585.0   659.2  1067.5  2206.7 11871.4  38395.8    38289
read      370.1   333.4   160.7   199.1   211.1   335.1   416.5   454.8   478.7   503.4   534.5   583.4   830.3  4162.4 14704.2  20586.6    20658
read      355.1   294.7   160.7   200.3   211.9   341.5   396.4   422.6   439.6   459.2   482.8   520.0   701.8  3564.6 15079.2  13882.6    13840
read      367.9   176.2   160.7   207.1   221.6   336.3   397.5   434.3   463.4   499.5   547.2   624.9   836.3  1897.8  5185.2  93427.4    93419
read      373.4   192.3   148.8   209.9   225.4   342.8   403.8   442.2   470.8   506.4   552.9   629.3   819.6  1520.9  7773.5  98192.6    98284
read      369.3   202.9   148.8   202.9   215.8   333.8   400.3   441.1   471.5   509.6   561.3   638.3   844.1  1878.8  7654.3  71302.0    71313
read      377.0   228.5   148.8   200.6   213.6   334.5   404.2   453.3   489.8   531.2   581.9   657.2  1040.4  1828.7  8031.1  42093.4    42089
read      375.4   259.9   148.8   199.6   212.4   330.6   401.6   450.6   488.4   531.8   584.7   659.2   954.2  2073.1  9211.7  46418.4    46458
read      373.2   254.5   148.8   198.4   211.1   326.1   406.3   457.9   492.2   528.3   570.0   633.2  1002.0  3002.7  8923.0  30867.4    30755
read      379.9   217.7   148.8   200.7   213.9   335.0   406.6   455.4   492.5   535.5   586.9   667.1  1086.1  2099.1  6222.3  42998.0    42889
read      366.8   218.0   148.8   205.9   220.5   334.5   396.0   433.6   462.7   498.4   544.8   619.2   787.5  2148.0  7216.0  93472.0    93552
read      367.4   182.8   148.8   201.6   214.5   333.7   400.1   441.9   474.2   515.3   566.8   638.7   804.0  1700.7  5317.3  65718.0    65694
read      373.1   258.3   148.8   199.1   212.0   329.9   410.4   460.8   493.5   527.8   567.9   629.7   918.2  1789.3 12008.9  29583.2    29574
read      377.2   192.6   148.8   202.6   215.7   340.5   412.7   457.8   492.3   533.5   584.1   658.5   865.4  1731.7  5269.0  51272.0    51355
read      376.1   250.7   148.8   203.6   216.7   339.6   409.8   453.0   485.3   524.0   574.1   651.2   843.0  1853.9  9203.8  67415.6    67361
read      359.3   240.3   160.7   200.5   212.3   340.5   405.7   436.4   456.5   477.9   503.6   546.6   760.4  1995.6  9989.1  16254.6    16287
read      372.3   218.5   148.8   203.9   217.6   334.9   399.4   439.4   469.9   507.4   558.2   637.6   894.1  2360.9  7346.8  81429.6    81508
read      370.1   288.1   148.8   205.5   219.7   334.2   398.8   437.7   467.2   504.0   550.6   626.0   816.8  2146.0  9163.2  87605.2    87619
read      357.9   162.9   148.8   207.0   221.7   330.9   388.2   422.7   449.7   483.0   527.1   592.7   748.1  1420.9  5787.4  99043.8    99068
read      374.6   318.3   148.8   201.1   214.3   334.6   402.7   446.4   480.0   519.2   566.5   636.1   838.8  2863.4 10498.7  51400.8    51267
read      399.4   624.9   148.8   201.9   215.4   356.0   411.4   443.8   468.7   503.9   551.2   623.0   799.9  8933.0 30657.0  11750.4    11822
read      397.9   275.0   148.8   214.3   231.3   358.0   423.9   464.9   496.8   535.4   586.7   673.3   964.3  3003.6  8192.3  97347.2    97494
read      427.6   429.4   148.8   216.8   234.9   368.7   438.9   482.7   516.2   558.6   619.6   734.6  1555.8  6183.4 11832.6  97142.6    97350
read      393.1   412.1   148.8   202.8   216.0   337.7   408.1   453.7   488.8   530.9   585.5   674.1  1277.5  6058.6 10738.0  55269.6    55460
read      420.1   366.8   148.8   205.9   221.9   355.5   429.5   476.5   513.2   561.7   635.5   808.0  1538.8  3193.1 11770.9  86074.4    85984
read      374.1   287.3   148.8   204.6   218.5   335.4   401.5   442.9   474.0   510.6   559.2   635.6   863.6  2458.2  8091.5  82056.0    82043
read      381.6   357.1   148.8   200.8   213.6   334.2   403.8   449.4   484.6   527.4   580.3   658.4  1022.9  3479.1 10927.5  52843.4    52873
read      396.1   493.6   160.7   197.8   210.9   356.1   419.0   453.7   480.8   520.3   578.0   666.4   871.0  8225.5 19047.3  13908.2    13911
read      373.9   226.8   148.8   199.6   212.5   331.4   400.1   446.2   482.1   524.5   577.1   652.9  1031.5  1961.2  7562.7  49912.4    49984
read      386.4   656.7   160.7   201.2   215.1   339.9   388.5   416.8   437.3   466.5   504.5   564.4   892.2  8380.9 31274.0   9189.4     9274
read      415.0   359.8   148.8   196.7   209.6   336.0   441.2   499.1   541.0   601.5   724.2   888.4  1154.7  3770.5 11012.3  27188.6    27187
read      404.9   364.5   148.8   198.3   211.0   361.1   444.8   487.7   521.0   570.4   648.2   755.1   963.4  3676.4 12835.8  18669.2    18735
read      377.6   278.3   148.8   204.4   218.4   333.5   398.1   436.3   466.6   503.8   551.7   634.1  1328.3  2800.1  7378.1  86463.0    86505
read      368.4   230.6   148.8   206.0   220.7   334.8   396.9   433.8   462.5   497.7   543.8   618.3   805.5  2495.8  8069.1  92883.8    93039
read      365.1   187.8   148.8   201.8   214.7   328.4   394.9   435.9   467.9   506.8   556.5   633.1   842.6  1825.5  6460.1  76033.2    75999
read      448.1   621.4   148.8   198.4   211.6   336.4   443.0   513.0   565.8   646.4   814.2  1001.4  1334.4  7704.5 31781.5  32316.0    32324
read      371.4   230.7   148.8   204.7   218.6   333.6   399.5   439.4   469.6   506.7   554.3   631.2   843.6  3114.2  7373.4  84333.6    84255
read      357.3   221.5   148.8   201.3   214.0   323.0   386.2   423.9   453.7   490.3   537.4   609.7   782.5  1835.0  7869.0  81650.4    81759
read      401.8   363.4   148.8   201.8   214.7   338.8   420.0   473.1   512.7   557.6   615.0   732.5  1267.2  3652.3 13007.4  37291.0    37291
read      373.1   230.4   148.8   200.4   213.1   332.0   400.8   445.9   481.9   525.5   578.2   653.3   912.8  2051.6  8146.0  53895.6    53818
read      436.2   498.8   160.7   199.2   212.2   338.2   445.3   510.6   559.8   633.6   771.9   945.6  1247.8  6432.5 14463.8  30310.2    30297
read      435.3   352.7   148.8   199.6   213.0   337.7   447.5   517.7   573.6   668.0   821.5   984.9  1259.6  3549.4 10283.9  31548.0    31569
read      374.9   211.3   148.8   199.8   212.7   331.5   405.5   455.2   492.1   533.0   580.8   649.1   984.4  2030.4  7668.8  38922.8    38927
read      400.9   677.0   160.7   200.7   214.9   353.5   408.6   441.1   466.5   500.1   543.6   611.2   862.1  9374.0 30393.7  10612.0    10652
read      384.8   323.3   148.8   208.0   223.4   342.2   402.5   439.1   467.5   504.0   552.7   638.0  1295.7  3087.8 11018.6  97990.0    98119
read      374.3   305.9   148.8   200.2   213.1   334.0   403.7   451.3   486.3   526.5   575.9   643.1   832.8  2246.2 10240.6  48228.0    48176
read      398.3   291.3   148.8   199.1   212.2   335.5   422.4   477.1   515.1   558.2   615.4   740.2  1261.6  3354.3  8067.4  34998.4    34929
read      364.2   245.6   148.8   199.7   212.6   326.4   390.6   430.3   461.6   499.9   548.5   625.0   822.4  2637.3  8159.7  69621.0    69735
read      409.0   359.1   160.7   198.3   210.9   355.4   446.6   491.9   526.3   575.7   662.9   786.0  1002.7  4441.0 15162.8  20702.4    20753
read      379.6   439.0   148.8   201.8   214.9   329.2   391.5   428.4   458.0   495.6   545.1   630.6  1382.6  4046.3 15211.5  84541.6    84642
read      366.3   236.6   148.8   198.2   211.2   326.1   396.8   443.2   479.4   520.1   567.2   632.6   811.9  2323.0  8593.5  42418.4    42333
read      367.9   243.4   148.8   200.3   213.1   331.7   397.6   438.0   470.6   509.9   559.4   631.7   804.5  2437.1  8535.5  61825.4    61587
read      369.9   274.4   148.8   203.1   216.3   332.7   400.0   440.8   471.4   508.8   559.2   636.6   831.3  2039.4 10503.0  77981.6    77998
read      369.4   222.6   148.8   207.5   222.7   337.2   396.8   433.2   461.7   497.0   543.4   620.2   822.6  1944.3  7959.7  97740.2    97625
read      429.8   464.6   160.7   199.7   212.4   353.3   455.3   507.2   546.3   601.7   709.6   866.8  1149.2  7007.4 12652.3  23652.8    23781
read      374.0   214.7   148.8   202.9   215.8   335.4   404.0   447.3   479.9   520.0   572.6   648.6   886.3  2261.2  6803.7  66745.2    66723
read      431.2   326.8   148.8   198.8   211.8   338.7   449.3   516.6   568.3   649.7   799.5   975.4  1250.0  3345.1  8118.1  31117.8    31016
read      390.9   401.8   148.8   204.0   217.3   338.7   410.7   458.3   494.7   537.2   589.3   670.2  1081.4  4604.2 13395.9  47354.0    47394
read      371.7   198.7   160.7   208.9   224.4   341.3   402.9   440.7   468.6   503.7   548.5   623.2   796.0  1793.8  7677.7  95184.4    95335
read      376.1   920.6   160.7   209.8   232.8   312.0   341.1   359.5   372.4   391.1   415.5   460.4   910.6 13679.4 29752.3   5252.2     5252
read      372.4   336.0   148.8   199.2   212.1   324.6   387.7   429.0   462.4   503.7   557.3   640.2  1120.6  3919.7 13293.4  65921.6    65908
read      403.6   300.9   160.7   197.9   210.8   363.4   442.0   482.9   513.0   560.1   631.6   735.0   940.7  3989.6  8716.7  16904.4    16889
read      387.7   308.4   148.8   200.7   213.7   336.4   410.1   458.2   495.2   538.7   591.8   681.0  1186.2  3414.4 10789.2  42926.0    42912
read      366.1   186.2   148.8   207.4   222.6   335.9   393.8   428.8   456.2   489.9   534.9   609.2   841.5  1821.1  6266.0  99942.0    99898
read      372.1   291.2   148.8   197.4   210.2   326.5   410.9   458.9   488.8   519.9   555.0   614.7   946.8  3441.5  9932.4  26532.8    26385
read      367.6   259.9   148.8   197.2   209.9   330.3   414.3   456.5   482.7   508.6   542.1   592.9   910.1  2830.1 10766.4  22748.2    22616
read      371.8   299.8   148.8   199.0   211.8   329.4   399.0   444.7   480.3   522.8   572.6   641.2   871.9  2143.2  9420.7  50621.2    50605
read      358.2   181.8   148.8   203.2   216.6   327.3   388.4   424.3   452.5   487.6   533.8   605.0   784.7  1758.1  4711.9  90114.8    90283
read      379.6   403.2   148.8   197.7   210.7   331.3   417.2   464.5   494.5   526.2   563.7   625.2   967.9  4028.9 12892.6  26194.4    26273
read      368.6   229.8   148.8   198.5   211.4   328.8   396.4   440.9   476.3   517.9   567.8   637.5   866.9  2422.8  7966.8  48574.8    48521
read      374.1   231.7   148.8   196.3   209.6   328.1   406.3   457.7   493.7   532.0   576.3   641.9  1026.0  2157.2  8348.6  34139.8    34058
read      364.5   299.8   148.8   199.2   212.4   324.4   388.7   427.9   459.4   498.0   546.9   623.6   860.1  2462.6 10729.4  75730.4    75648
read      360.6   216.6   148.8   196.7   209.4   335.3   411.3   448.2   471.1   495.8   525.6   573.0   782.8  2238.9  8269.4  19600.0    19482
read      362.5   390.2   160.7   196.9   209.5   342.1   401.6   430.6   449.6   469.0   495.7   538.7   784.4  4091.1 18235.1  15056.4    15054
read      370.0   210.4   148.8   201.8   214.8   331.6   398.5   438.9   469.1   506.5   556.7   636.9   962.0  2138.0  5547.2  75822.6    75754
read      340.5   579.7   160.7   210.5   233.5   303.3   326.7   340.3   350.0   363.6   380.2   416.3   626.1 10117.0 21886.5   5214.8     5187
read      362.7   351.5   148.8   195.2   207.7   334.9   405.1   437.1   457.6   479.9   506.2   549.6   776.4  4256.7 15550.9  17581.2    17656
read      359.9   205.0   148.8   203.8   217.9   327.7   385.7   421.3   449.1   483.6   530.3   603.3   798.6  2446.1  6399.8  96246.8    96343
read      369.9   213.9   148.8   196.4   209.7   324.9   398.9   451.8   488.8   527.7   572.4   636.3  1010.5  1740.6  7106.8  36770.4    36665
read      368.0   335.8   148.8   202.5   215.8   330.4   393.6   431.5   461.0   496.8   543.3   619.0   832.7  2838.0 17594.2  85141.6    85269
read      370.2   248.4   148.8   195.3   208.6   325.2   403.7   455.1   489.0   524.4   565.4   630.9   968.1  2438.9 10307.3  31470.2    31525
read      366.3   221.7   148.8   198.5   211.8   329.0   393.4   434.6   467.4   507.5   557.8   632.5   869.4  2309.4  7266.3  61802.0    61798
read      364.7   562.5   148.8   197.3   210.2   338.6   387.6   410.9   427.1   445.8   468.3   508.7   723.7  5923.6 29752.0  12278.6    12253
read      371.7   321.3   148.8   195.6   208.7   326.8   413.1   459.3   488.1   518.2   552.8   614.6   966.9  3567.5 12382.4  25575.6    25710
read      352.8   218.6   148.8   198.4   211.2   318.6   378.0   414.8   444.3   480.6   528.1   597.1   786.3  2175.6  7697.2  79858.2    79937
read      334.5   360.9   160.7   202.7   218.7   315.9   345.4   362.1   372.7   387.7   403.7   436.5   573.7  5457.5 14350.9   7279.8     7271
read      357.8   234.8   148.8   200.1   213.3   323.5   385.0   420.8   448.6   482.9   528.6   599.4   807.4  2571.9  7425.9  85860.6    85861
read      347.0   197.0   148.8   199.5   212.6   316.8   373.3   406.7   433.4   466.9   511.0   580.2   740.6  1806.6  7922.5  91497.8    91467
read      358.0   267.8   148.8   198.2   211.2   321.8   385.3   424.2   455.1   492.9   541.0   613.2   790.6  2159.7 10025.1  72205.0    72217
read      377.6   277.4   148.8   196.7   210.1   329.7   408.8   459.3   493.4   529.5   572.9   641.4  1050.5  2681.4 11800.6  31073.6    31080
read      363.7   241.7   148.8   199.8   212.9   324.9   388.7   427.9   459.4   498.2   548.1   626.1   856.5  2531.4  8983.4  76704.2    76878
read      353.9   188.8   148.8   200.2   213.4   320.9   382.0   419.0   447.8   483.5   530.6   601.3   779.8  1743.5  6560.3  84464.4    84584
read      357.6   297.1   160.7   200.2   212.9   344.4   394.7   419.6   435.6   455.5   478.9   522.1   699.8  3906.3 15237.0  12572.8    12492
read      362.6   226.6   148.8   198.0   211.0   325.1   388.4   428.9   462.5   504.0   555.2   627.8   865.5  1914.4  8019.9  57143.6    57106
read      361.9   238.9   148.8   205.1   219.7   330.0   388.8   424.1   451.8   485.8   530.8   600.1   784.6  2058.9  8662.1  96266.4    96245
read      336.6   425.6   160.7   206.2   223.8   315.9   344.3   360.8   371.5   386.2   402.5   435.9   588.0  5992.6 19793.7   6774.8     6791
read      360.7   204.6   148.8   202.8   216.2   326.5   387.3   423.9   452.5   487.7   534.9   609.9   842.2  2408.5  5435.1  90508.4    90728
read      335.2   477.0   160.7   209.8   231.9   303.9   327.6   340.9   350.6   363.8   379.6   413.6   657.2  8792.7 18697.2   5196.6     5151
read      360.8   234.2   148.8   201.5   214.4   325.2   388.2   425.4   454.5   490.1   536.8   611.1   831.5  2361.0  6690.1  82911.0    82969
read      375.0   237.3   148.8   197.7   211.2   331.3   401.8   450.2   487.5   530.1   580.0   651.3  1046.9  2071.2  7681.1  42714.0    42635
read      361.2   275.0   148.8   204.5   219.0   326.9   384.1   418.9   446.3   480.7   526.8   598.3   816.2  2608.1  8409.0  99476.0    99337
read      370.8   239.7   148.8   206.5   221.5   335.9   398.2   435.3   464.8   500.8   547.3   623.9   846.2  2111.3  8501.6  95058.4    95192
read      365.5   199.9   148.8   201.5   214.4   330.6   396.3   436.8   469.0   508.3   559.3   634.6   815.1  1743.2  5592.4  69042.8    69200
read      370.6   263.7   148.8   200.1   213.1   330.8   400.1   445.4   481.2   524.1   575.3   642.7   807.0  1793.8  9843.7  49545.6    49459
read      371.8   241.1   148.8   197.8   211.0   326.9   408.8   458.6   490.8   525.1   565.7   630.5   986.1  1833.5 11155.1  29075.4    29055
read      369.9   204.4   148.8   201.3   214.1   332.6   399.4   441.1   473.2   513.1   564.5   638.2   878.3  2282.7  5747.5  64242.8    64324
read      342.0   536.5   160.7   209.7   230.3   309.5   335.1   348.8   360.8   372.8   392.9   427.8   593.9  8659.3 21118.4   5721.8     5705
read      367.2   338.7   148.8   203.4   216.9   327.4   390.5   428.7   458.6   494.7   541.5   618.2   845.0  2901.9 12077.5  84554.8    84816
read      368.5   251.9   148.8   198.4   211.5   328.2   416.7   460.7   488.3   517.3   548.8   602.9   875.3  2028.1 10141.8  23756.4    23714
read      369.9   322.8   148.8   202.5   215.4   329.2   395.5   435.8   467.6   506.0   555.5   632.0   857.8  3346.0  8126.7  74205.8    74116
read      363.6   240.7   148.8   197.5   210.5   336.0   414.7   452.0   475.5   500.9   531.9   580.1   779.8  2001.3  8534.4  19929.4    19948
read      372.7   218.2   148.8   195.6   209.5   327.1   397.6   446.3   484.4   528.3   580.1   653.8  1086.5  1979.0  7506.6  44212.2    44213
read      364.5   281.1   148.8   198.5   211.1   337.0   413.6   449.7   472.0   496.2   525.4   572.4   849.0  2318.8  8094.0  19499.2    19454
read      350.7   617.3   160.7   205.4   222.6   319.2   349.3   366.7   378.6   393.4   411.6   445.7   624.2  8060.7 31077.1   7208.2     7190
read      372.7   236.4   148.8   200.5   213.5   330.8   401.4   449.1   486.5   529.7   580.2   649.2   871.1  2076.5  7794.9  47421.0    47657
read      377.1   234.9   148.8   199.5   212.4   328.9   402.7   454.5   493.6   538.9   591.4   666.9  1065.5  1947.0  5236.0  44435.4    44399
read      342.4   430.5   160.7   208.6   227.9   319.2   347.0   363.3   373.5   389.1   406.2   441.6   594.5  7561.3 17246.3   6500.2     6481
read      346.9   555.0   160.7   213.9   235.8   316.1   341.8   356.7   367.1   379.3   396.8   429.8   582.9  8527.8 26022.0   5803.2     5807
read      368.1   214.3   148.8   204.5   218.7   331.6   396.1   435.1   465.5   502.7   549.7   627.1   855.5  2199.8  7195.1  83000.8    83137
read      363.5   561.8   148.8   204.0   218.3   337.9   376.9   396.6   410.3   426.8   448.3   487.1   753.1  5673.5 29641.7   9697.4     9580
read      381.5   343.7   148.8   196.7   210.3   329.6   402.6   452.7   488.4   527.9   575.3   646.5  1133.7  3692.3 11561.0  37393.2    37385
read      374.4   285.2   148.8   196.0   209.5   326.9   404.5   457.6   493.4   530.9   574.0   636.7  1022.0  1871.8 12690.6  33649.8    33706
read      375.5   298.6   148.8   195.4   209.0   325.1   401.9   454.4   490.9   529.6   574.5   639.3  1067.6  2984.5 11688.4  35222.2    35204
read      407.5   259.4   148.8   206.6   221.5   363.4   446.6   497.1   534.5   579.6   638.2   731.0  1002.2  2151.8  8980.2  50380.0    50438
read      381.5   397.3   148.8   201.4   214.5   336.6   405.9   451.1   486.0   527.5   577.9   649.0   881.3  3310.1 16007.1  48914.6    48878
read      384.6   323.6   148.8   197.8   211.1   328.8   401.1   452.0   491.0   535.1   588.5   675.6  1216.3  4012.4 12138.9  42617.8    42682
read      385.5   266.3   160.7   199.2   212.1   332.3   421.2   472.6   505.2   540.4   585.4   676.4  1058.8  3218.2  9173.6  27458.4    27416
read      389.2   382.7   148.8   202.0   215.2   335.7   402.8   446.0   479.2   521.5   578.3   675.0  1387.5  3750.0 14192.0  64258.8    64424
read      384.5   268.1   148.8   202.6   215.5   335.3   405.4   450.2   484.2   526.4   583.1   677.0  1315.7  2504.1  8319.4  64249.4    64364
read      342.0   556.9   160.7   209.5   230.5   306.7   331.8   345.0   357.0   370.3   391.1   430.7   756.6  8062.1 22609.7   5464.4     5481
read      375.0   288.8   148.8   198.1   211.1   327.1   416.2   464.7   495.2   527.3   565.5   627.8   947.3  3038.0  9315.1  26059.6    26227
read      383.4   297.9   148.8   198.6   211.5   329.8   420.1   469.6   500.9   535.4   578.3   663.7  1072.2  2984.2 12608.5  26569.4    26586
read      362.5   197.3   148.8   203.4   216.8   328.4   391.1   428.9   458.4   494.4   540.9   616.1   816.7  2120.4  6973.9  86096.6    86286
read      375.5   252.5   148.8   199.2   211.9   335.0   423.2   469.2   497.7   528.5   565.9   628.3   927.2  2317.1  7891.4  24465.8    24452
read      375.2   242.3   148.8   198.0   211.0   328.4   418.3   467.4   498.9   532.4   573.1   639.0   976.7  1731.2  8678.4  26749.0    26832
read      366.2   230.0   148.8   198.6   212.0   325.8   407.4   456.6   487.8   520.1   555.5   608.5   810.5  1632.9  9543.2  29607.4    29795
read      364.3   192.2   148.8   200.4   214.0   335.0   400.0   442.7   476.4   515.4   559.4   619.8   738.6  1032.0  6383.9  46322.8    46224
read      348.6   187.7   148.8   199.4   213.1   322.7   383.7   418.9   445.2   476.1   517.0   578.6   695.1   983.8  7167.7  84602.8    84587
read      354.1   162.6   148.8   198.9   212.9   328.4   390.3   426.5   455.5   491.2   535.4   593.6   708.7  1013.9  5478.7  63478.0    63389
read      362.3   185.1   148.8   199.5   213.1   331.5   398.0   441.0   474.0   513.2   556.9   616.9   733.4  1139.2  6825.9  46942.0    46953
read      344.3   159.9   148.8   200.4   213.8   319.7   378.4   412.1   437.2   468.4   507.9   568.4   682.0   941.2  5904.6  90463.0    90536
read      345.7   290.8   148.8   203.6   216.0   339.4   385.0   406.1   420.7   435.3   455.6   482.4   542.6  3859.3 11696.4  12593.0    12508
read      355.2   200.8   148.8   196.8   210.2   321.3   390.6   436.3   471.8   508.2   547.5   598.8   700.9   988.3  7386.3  38149.4    38491
read      343.2   138.6   148.8   202.9   216.4   321.4   376.7   408.5   433.1   462.9   501.2   559.1   676.5   868.4  4259.8  97818.2    97806
read      346.8   296.4   148.8   204.8   218.1   338.3   381.4   401.2   415.0   429.4   448.1   471.6   543.0  4117.3 11985.3  11835.4    11813
read      358.6   244.1   148.8   198.8   212.3   326.1   394.9   439.2   473.3   508.1   544.5   591.9   692.4  1228.5  9174.4  39630.0    39665
read      354.2   170.9   148.8   197.7   211.5   324.9   388.4   428.1   460.3   499.2   543.8   601.6   709.6  1015.5  7717.7  53571.6    53571
read      353.8   193.7   148.8   198.4   212.2   326.9   387.7   424.4   454.1   490.4   534.7   594.5   714.0  1047.0  7869.2  63164.0    63215
read      348.8   165.7   148.8   198.6   212.3   322.0   383.4   419.7   447.4   480.7   523.5   584.7   706.3  1005.5  6623.2  78865.2    78767
read      338.9   351.8   160.7   206.4   221.4   324.7   355.0   370.4   381.6   393.9   407.9   433.5   524.7  5485.0 12603.4   8653.0     8615
read      352.7   175.9   148.8   198.7   212.5   326.4   388.9   425.2   453.5   487.9   530.4   588.0   702.4  1021.1  7263.5  67954.4    67903
read      355.8   251.5   148.8   204.1   216.9   344.4   404.7   432.3   450.0   467.8   490.7   521.1   591.4  3776.7 11807.3  16342.6    16398
read      359.8   179.5   148.8   199.4   213.3   332.5   396.4   434.8   465.8   502.9   546.4   607.2   724.9  1073.6  7038.3  53568.0    53434
read      360.7   203.0   148.8   198.2   212.0   326.8   398.4   445.7   480.0   515.7   552.0   604.4   722.8  1083.9  7704.0  38105.2    38068
read      344.0   246.9   160.7   208.1   223.1   338.3   372.9   390.7   401.9   416.6   432.5   462.4   547.3  3610.0  9818.6   9143.8     9130
read      354.3   168.6   148.8   198.6   212.2   327.5   391.1   429.1   458.5   493.4   536.5   597.5   719.5   997.4  7008.2  69133.8    69227

Total QPS = 49297.8 (44368020 / 900.0s)

Total connections = 64
Misses = 0 (0.0%)
Skipped TXs = 0 (0.0%)

RX 10958901187 bytes :   11.6 MB/s
TX          0 bytes :    0.0 MB/s
Warning! Detected max cpu usage > 95%
CPU Usage Stats (avg/min/max): 99.97%,49.49%,100.00%
