#type       avg     std     min      p5     p10     p50     p67     p75     p80     p85     p90     p95     p99    p999   p9999      QPS   target       ts_start         ts_end
read      361.0   408.3   160.7   225.9   240.6   315.5   361.4   391.6   414.7   443.3   481.2   541.4   730.3  7270.5 15599.4  30018.7    30000  1714663711241  1714663721412
read      365.9   585.2   160.7   221.5   234.6   305.4   349.6   380.6   403.4   431.5   466.4   523.2   742.0 10537.8 19706.7  30072.9    30005  1714663722919  1714663733054
read      351.3   349.4   160.7   225.0   238.7   308.6   351.8   381.2   403.1   430.7   465.9   522.1   705.5  6212.1 12195.0  30041.3    30010  1714663734562  1714663744684
read      334.5   271.2   160.7   221.5   234.8   302.5   342.5   370.0   391.3   416.6   449.0   498.5   633.9  3457.1 12231.7  30017.0    30015  1714663746191  1714663756312
read      347.4   430.0   160.7   221.6   235.2   304.0   344.7   372.5   394.4   420.7   454.7   505.3   661.1  7132.7 15394.1  30088.5    30020  1714663757819  1714663767927
read      343.4   425.7   160.7   223.7   236.9   300.6   340.5   368.0   389.2   414.1   445.1   491.7   630.6  7305.0 19222.1  30067.3    30025  1714663769436  1714663779546
read      337.1   406.5   160.7   215.3   227.0   293.4   334.3   362.8   384.7   410.4   443.6   494.3   643.9  7021.6 15190.7  30061.6    30030  1714663781053  1714663791163
read      337.6   325.5   160.7   217.0   228.9   300.0   343.2   371.8   394.1   420.6   454.6   505.8   664.5  5085.2 12840.5  30022.8    30035  1714663792670  1714663802791
read      344.7   379.8   160.7   219.9   232.4   303.8   347.0   377.3   399.8   427.4   463.0   519.3   674.5  6381.1 15857.2  30084.5    30040  1714663804298  1714663814415
read      377.4   447.2   160.7   234.6   249.4   326.9   373.1   402.6   425.8   453.5   490.3   549.4   836.6  7538.4 15869.3  29987.4    30045  1714663815923  1714663826041
read      348.5   181.9   160.7   232.4   247.9   324.7   367.6   394.1   414.0   437.2   467.9   517.4   632.3  1518.5  8040.0  30111.1    30050  1714663827550  1714663837669
read      342.5   250.9   160.7   225.3   240.4   315.1   357.8   385.0   404.7   429.4   460.5   506.7   621.5  2800.2 10726.7  30069.4    30055  1714663839179  1714663849294
read      334.2   217.1   160.7   226.4   240.8   308.9   345.8   371.6   391.8   415.6   446.4   494.0   598.9  2020.9 10255.6  29974.2    30060  1714663850803  1714663860919
read      344.6   202.0   160.7   227.2   242.4   318.7   362.7   390.0   409.8   433.5   464.1   509.3   628.6  1870.7  9729.1  30138.7    30065  1714663862427  1714663872546
read      341.1   241.4   160.7   229.3   243.8   314.0   354.7   381.5   401.4   426.1   457.3   503.5   609.5  1874.4 10841.4  29957.1    30070  1714663874055  1714663884171
read      329.2   224.4   160.7   223.8   237.4   303.0   339.9   365.5   385.4   409.2   440.4   487.8   586.5  2390.7  9657.8  30134.9    30075  1714663885681  1714663895797
Connection.cc(491): Unexpected EOF from server.
Connection.cc(491): Unexpected EOF from server.
Connection.cc(491): Unexpected EOF from server.
Connection.cc(491): Unexpected EOF from server.
