#type       avg     std     min      p5     p10     p50     p67     p75     p80     p85     p90     p95     p99    p999   p9999      QPS   target       ts_start         ts_end
read      439.9   620.0   160.7   230.0   247.8   352.0   408.4   445.5   474.1   513.4   576.6   728.4  2167.1  9142.6 20331.9  29942.0    30000  1714642048087  1714642058254
read      455.3   432.5   173.5   236.6   256.3   379.1   442.1   484.7   520.0   569.3   648.6   846.8  1753.4  7208.4 12400.8  29994.9    30005  1714642059763  1714642069904
read      351.6   422.2   173.5   222.8   236.7   312.6   353.5   378.8   398.3   422.6   454.6   505.1   673.3  7663.5 16738.8  30040.3    30010  1714642071412  1714642081546
read      417.6   709.7   160.7   227.3   244.2   344.2   393.5   423.3   446.8   477.4   526.3   626.4  1087.9 11976.7 24898.8  30089.8    30015  1714642083054  1714642093168
read      418.2   674.0   173.5   230.3   246.4   343.7   397.1   430.8   458.5   493.7   543.1   638.1  1146.1 10790.0 24768.5  30024.6    30020  1714642094678  1714642104798
read      404.9   602.5   173.5   228.6   244.1   338.4   390.0   422.1   447.5   479.9   526.2   613.0  1155.6 10603.0 22843.5  30000.6    30025  1714642106308  1714642116427
read      384.3   428.9   160.7   227.6   244.4   342.2   390.2   418.4   439.6   467.3   506.4   578.7   871.9  6934.4 17550.2  30099.5    30030  1714642117935  1714642128054
read      326.9   205.8   160.7   220.4   233.2   305.2   342.6   365.8   383.1   403.1   431.2   472.5   568.7  2439.6  8089.6  30055.8    30035  1714642129561  1714642139683
read      326.5   171.9   160.7   219.6   232.8   309.0   346.8   369.9   387.4   407.1   433.8   472.6   550.0  1323.7  8384.8  30078.1    30040  1714642141190  1714642151307
read      336.1   174.7   160.7   221.8   236.5   319.7   360.5   383.3   399.7   420.8   447.4   488.7   573.1  1330.6  7966.3  29880.1    30045  1714642152816  1714642162934
read      345.1   192.8   160.7   222.7   238.7   329.8   370.6   393.7   410.2   430.6   457.6   497.9   586.1  1697.6  8288.5  30102.1    30050  1714642164443  1714642174563
read      325.4   178.5   173.5   220.6   233.9   306.3   343.4   366.6   383.9   403.9   432.1   471.7   551.6  1417.1  8105.9  29988.3    30055  1714642176071  1714642186190
read      332.1   188.8   173.5   224.5   239.6   314.0   350.2   372.4   389.9   409.6   435.7   476.4   559.7  1780.5  8026.3  29994.9    30060  1714642187698  1714642197818
read      342.2   200.0   160.7   224.8   240.7   324.7   365.3   388.7   404.8   426.8   454.2   495.5   584.1  1444.4  9332.9  30056.1    30065  1714642199328  1714642209449
read      341.1   169.7   160.7   224.5   239.8   325.1   366.3   389.5   405.2   426.7   453.3   493.3   580.3  1366.2  8417.4  30017.8    30070  1714642210959  1714642221080
read      350.5   209.1   160.7   223.3   240.2   333.8   376.6   400.2   417.8   436.7   463.7   504.2   608.7  2172.5  8686.3  30118.4    30075  1714642222586  1714642232708
read      336.1   184.2   160.7   224.0   238.7   317.3   357.2   380.1   397.3   418.3   444.8   486.3   574.9  1946.7  8104.0  29991.4    30080  1714642234216  1714642244335
read      344.3   174.0   160.7   225.7   240.6   327.5   370.2   394.6   412.3   433.2   461.0   501.7   591.8  1181.1  8069.1  30091.7    30085  1714642245844  1714642255965
Connection.cc(491): Unexpected EOF from server.
Connection.cc(491): Unexpected EOF from server.
Connection.cc(491): Unexpected EOF from server.
Connection.cc(491): Unexpected EOF from server.
