2024-05-08T13:21:17.694909 0.0 0.0 0.0 0.0
2024-05-08T13:21:18.696319 0.0 1.0 0.0 0.0
2024-05-08T13:21:19.697655 1.0 0.0 1.0 2.0
2024-05-08T13:21:20.698980 1.0 0.0 0.0 1.0
2024-05-08T13:21:21.700290 1.0 1.0 1.0 0.0
2024-05-08T13:21:22.701591 0.0 1.0 0.0 0.0
2024-05-08T13:21:23.702880 0.0 1.0 0.0 0.0
2024-05-08T13:21:24.704243 0.0 1.0 0.0 0.0
2024-05-08T13:21:25.705548 1.0 0.0 1.0 0.0
2024-05-08T13:21:26.706826 1.0 0.0 0.0 2.0
2024-05-08T13:21:27.708216 2.0 2.0 1.0 0.0
2024-05-08T13:21:28.709197 1.0 0.0 0.0 0.0
2024-05-08T13:21:29.710511 4.1 4.0 3.0 3.0
2024-05-08T13:21:30.711842 2.0 0.0 1.0 1.0
2024-05-08T13:21:31.713142 0.0 0.0 0.0 0.0
2024-05-08T13:21:32.714474 0.0 1.0 0.0 0.0
2024-05-08T13:21:33.715755 1.0 0.0 1.0 1.0
2024-05-08T13:21:34.717109 1.0 0.0 1.0 2.0
2024-05-08T13:21:35.718459 1.0 0.0 0.0 0.0
2024-05-08T13:21:36.719774 0.0 2.0 1.0 2.0
2024-05-08T13:21:37.721130 1.0 2.0 1.0 0.0
2024-05-08T13:21:38.722471 0.0 1.0 2.0 2.0
2024-05-08T13:21:39.723808 1.0 0.0 0.0 0.0
2024-05-08T13:21:40.725158 1.0 0.0 0.0 0.0
2024-05-08T13:21:41.726565 1.0 2.0 1.0 1.0
2024-05-08T13:21:42.727865 2.0 14.2 2.0 1.0
2024-05-08T13:21:43.729163 1.0 15.0 1.0 2.0
2024-05-08T13:21:44.730575 3.0 21.1 1.0 2.0
2024-05-08T13:21:45.730983 4.0 20.9 1.0 2.0
2024-05-08T13:21:46.731703 3.0 16.4 1.0 0.0
2024-05-08T13:21:47.732990 0.0 1.0 1.0 0.0
2024-05-08T13:21:48.734426 2.0 24.2 1.0 0.0
2024-05-08T13:21:49.735702 4.0 49.4 1.0 5.0
2024-05-08T13:21:50.736974 5.9 49.1 2.0 1.0
2024-05-08T13:21:51.737948 3.0 50.3 5.0 0.0
2024-05-08T13:21:52.738669 6.9 51.1 5.8 1.0
2024-05-08T13:21:53.739965 2.0 40.7 1.0 0.0
2024-05-08T13:21:54.741278 1.0 0.0 0.0 1.0
2024-05-08T13:21:55.742674 7.6 34.1 3.0 2.0
2024-05-08T13:21:56.743966 10.4 55.9 1.0 1.0
2024-05-08T13:21:57.745288 8.7 56.2 4.1 1.0
2024-05-08T13:21:58.746771 16.7 55.6 5.0 0.0
2024-05-08T13:21:59.748054 17.4 55.9 4.0 2.1
2024-05-08T13:22:00.749352 11.0 37.4 3.0 0.0
2024-05-08T13:22:01.750661 1.0 1.0 1.0 1.0
2024-05-08T13:22:02.751952 7.7 43.4 0.0 0.0
2024-05-08T13:22:03.753291 10.5 58.5 6.9 2.1
2024-05-08T13:22:04.754726 26.2 58.5 1.1 2.1
2024-05-08T13:22:05.756020 24.2 57.8 2.1 2.1
2024-05-08T13:22:06.757337 19.0 58.7 0.0 1.1
2024-05-08T13:22:07.758657 6.8 30.2 1.0 2.0
2024-05-08T13:22:08.759937 2.0 0.0 0.0 0.0
2024-05-08T13:22:09.761292 19.1 52.7 3.1 1.0
2024-05-08T13:22:10.762775 24.4 60.4 0.0 0.0
2024-05-08T13:22:11.764137 22.3 61.3 1.1 1.1
2024-05-08T13:22:12.765516 19.8 60.8 2.1 1.1
2024-05-08T13:22:13.766927 17.7 61.0 2.1 1.1
2024-05-08T13:22:14.768290 5.8 20.9 0.0 0.0
2024-05-08T13:22:15.769584 1.0 0.0 2.0 1.0
2024-05-08T13:22:16.770773 20.0 59.5 5.2 1.1
2024-05-08T13:22:17.771515 28.1 63.8 2.2 2.2
2024-05-08T13:22:18.772883 20.5 63.5 8.9 1.1
2024-05-08T13:22:19.773636 21.8 62.5 2.1 2.2
2024-05-08T13:22:20.774805 19.1 62.9 6.1 0.0
2024-05-08T13:22:21.776117 0.0 8.7 3.9 0.0
2024-05-08T13:22:22.777428 3.0 10.4 1.0 0.0
2024-05-08T13:22:23.778721 29.5 65.6 2.1 1.1
2024-05-08T13:22:24.780095 19.6 65.8 1.1 2.2
2024-05-08T13:22:25.781453 21.7 65.6 4.2 2.2
2024-05-08T13:22:26.782721 21.7 65.8 1.1 1.1
2024-05-08T13:22:27.784023 18.7 61.0 6.1 2.2
2024-05-08T13:22:28.785331 0.0 0.0 1.0 1.0
2024-05-08T13:22:29.786794 9.4 27.8 1.0 1.1
2024-05-08T13:22:30.787714 21.2 68.3 0.0 2.3
2024-05-08T13:22:31.789083 16.2 68.7 4.3 2.3
2024-05-08T13:22:32.790412 20.0 68.3 11.6 5.6
2024-05-08T13:22:33.792058 8.3 68.2 18.7 1.2
2024-05-08T13:22:34.793341 7.1 52.7 6.1 2.2
2024-05-08T13:22:35.794632 2.0 1.0 1.0 0.0
2024-05-08T13:22:36.796068 11.2 43.2 5.0 1.1
2024-05-08T13:22:37.797183 18.0 73.3 3.2 3.8
2024-05-08T13:22:38.798591 20.9 73.4 6.1 4.9
2024-05-08T13:22:39.800040 14.3 73.3 13.2 0.0
2024-05-08T13:22:40.801480 15.7 74.1 7.1 2.5
2024-05-08T13:22:41.802580 10.6 43.7 3.1 3.3
2024-05-08T13:22:42.803850 1.0 2.0 1.0 1.0
2024-05-08T13:22:43.805190 18.0 56.0 0.0 1.1
2024-05-08T13:22:44.806639 23.5 75.2 1.1 4.4
2024-05-08T13:22:45.808034 22.1 74.4 6.5 3.4
2024-05-08T13:22:46.809372 20.7 74.6 7.5 5.4
2024-05-08T13:22:47.810772 17.8 74.8 14.0 2.3
2024-05-08T13:22:48.812143 5.9 28.2 1.0 5.1
2024-05-08T13:22:49.813435 1.0 1.0 0.0 0.0
2024-05-08T13:22:50.814720 19.1 72.6 5.4 4.5
2024-05-08T13:22:51.816075 20.2 78.7 2.3 3.5
2024-05-08T13:22:52.817547 20.7 80.0 0.0 1.2
2024-05-08T13:22:53.818694 17.8 79.4 4.4 4.5
2024-05-08T13:22:54.820076 26.7 78.7 5.4 3.4
2024-05-08T13:22:55.821425 0.0 11.7 4.9 0.0
2024-05-08T13:22:56.822759 3.9 9.8 0.0 1.0
2024-05-08T13:22:57.824198 20.4 85.5 5.7 8.1
2024-05-08T13:22:58.825785 22.0 82.8 11.5 2.4
2024-05-08T13:22:59.826718 16.7 82.6 4.6 5.7
2024-05-08T13:23:00.828179 22.0 82.6 10.5 4.7
2024-05-08T13:23:01.829499 23.4 78.4 6.6 5.8
2024-05-08T13:23:02.830784 3.0 1.0 1.0 3.9
2024-05-08T13:23:03.832212 3.1 29.1 0.0 1.1
2024-05-08T13:23:04.833545 17.5 91.0 5.5 2.4
2024-05-08T13:23:05.834916 10.5 90.9 3.4 4.7
2024-05-08T13:23:06.836383 17.9 91.7 4.4 2.5
2024-05-08T13:23:07.837793 20.8 91.8 2.3 2.4
2024-05-08T13:23:08.838626 12.6 67.3 3.2 3.4
2024-05-08T13:23:09.839911 0.0 1.0 1.0 1.0
2024-05-08T13:23:10.841390 14.1 47.1 9.7 4.3
2024-05-08T13:23:11.842873 15.2 92.6 5.5 9.5
2024-05-08T13:23:12.844356 23.8 91.8 7.5 9.5
2024-05-08T13:23:13.845871 16.9 92.5 6.5 10.6
2024-05-08T13:23:14.846759 22.5 91.7 1.1 5.0
2024-05-08T13:23:15.848050 12.9 49.5 3.1 2.2
2024-05-08T13:23:16.849360 1.0 0.0 0.0 1.0
2024-05-08T13:23:17.850760 15.8 68.6 2.2 5.7
2024-05-08T13:23:18.852184 17.9 98.0 18.4 11.8
2024-05-08T13:23:19.853629 22.2 99.0 6.7 16.7
2024-05-08T13:23:20.854734 14.3 99.0 6.7 9.6
2024-05-08T13:23:21.856247 14.9 97.1 8.6 12.8
2024-05-08T13:23:22.857658 7.9 31.0 4.0 6.3
2024-05-08T13:23:23.858952 1.0 0.0 1.0 0.0
2024-05-08T13:23:24.860431 18.3 88.2 12.0 17.6
2024-05-08T13:23:25.861992 17.5 100.0 11.0 24.7
2024-05-08T13:23:26.862850 22.9 100.0 12.0 29.8
2024-05-08T13:23:27.864394 16.0 100.0 14.7 25.3
2024-05-08T13:23:28.865895 19.8 100.0 15.6 21.6
2024-05-08T13:23:29.867214 2.0 12.0 3.0 4.0
2024-05-08T13:23:30.868652 1.0 7.1 0.0 1.0
2024-05-08T13:23:31.870147 18.7 100.0 16.3 21.6
2024-05-08T13:23:32.870756 20.2 100.0 19.2 13.8
2024-05-08T13:23:33.872189 17.3 100.0 15.1 14.0
2024-05-08T13:23:34.873684 16.3 100.0 17.2 11.2
2024-05-08T13:23:35.875083 19.3 93.0 17.0 10.9
2024-05-08T13:23:36.876411 0.0 1.0 0.0 1.0
2024-05-08T13:23:37.877877 5.0 25.0 2.1 10.9
2024-05-08T13:23:38.878891 20.8 100.0 17.6 22.5
2024-05-08T13:23:39.880457 19.4 100.0 14.1 23.1
2024-05-08T13:23:40.881884 17.9 100.0 15.2 26.6
2024-05-08T13:23:41.882680 19.2 100.0 17.6 21.3
2024-05-08T13:23:42.883976 13.6 75.2 8.4 11.5
2024-05-08T13:23:43.885284 0.0 1.0 0.0 0.0
2024-05-08T13:23:44.886915 11.0 45.5 10.1 9.3
2024-05-08T13:23:45.888412 19.0 100.0 21.8 16.1
2024-05-08T13:23:46.889897 19.0 100.0 14.7 22.3
2024-05-08T13:23:47.890872 20.8 100.0 21.2 21.5
2024-05-08T13:23:48.892476 16.7 100.0 20.2 24.2
2024-05-08T13:23:49.893863 18.3 55.6 11.0 6.7
2024-05-08T13:23:50.895206 1.0 0.0 2.0 1.0
2024-05-08T13:23:51.896710 12.5 65.3 13.4 9.6
2024-05-08T13:23:52.898125 26.4 100.0 16.1 19.8
2024-05-08T13:23:53.898806 21.0 100.0 15.2 20.8
2024-05-08T13:23:54.900281 24.5 100.0 17.2 23.8
2024-05-08T13:23:55.901757 23.5 100.0 15.2 18.9
2024-05-08T13:23:56.902596 8.9 34.3 9.1 8.9
2024-05-08T13:23:57.903875 2.9 1.0 1.0 1.0
2024-05-08T13:23:58.905420 9.9 84.2 8.3 19.4
2024-05-08T13:23:59.906783 22.6 100.0 8.4 16.5
2024-05-08T13:24:00.908306 26.2 100.0 9.5 14.4
2024-05-08T13:24:01.909700 19.2 100.0 8.4 20.8
2024-05-08T13:24:02.910739 17.0 100.0 8.6 17.4
2024-05-08T13:24:03.912031 4.9 17.0 2.0 4.0
2024-05-08T13:24:04.913662 0.0 6.0 0.0 2.0
2024-05-08T13:24:05.914763 21.8 100.0 13.0 24.5
2024-05-08T13:24:06.916249 24.0 99.0 10.2 24.7
2024-05-08T13:24:07.917709 24.0 100.0 14.1 25.0
2024-05-08T13:24:08.918790 17.3 100.0 8.3 28.7
2024-05-08T13:24:09.920155 21.4 96.0 9.3 20.4
2024-05-08T13:24:10.921484 0.0 1.0 0.0 0.0
2024-05-08T13:24:11.922768 2.0 24.5 5.0 10.8
2024-05-08T13:24:12.924332 19.6 100.0 14.6 25.0
2024-05-08T13:24:13.925952 18.0 100.0 16.3 33.7
2024-05-08T13:24:14.926861 18.6 99.0 13.5 30.2
2024-05-08T13:24:15.928596 19.4 100.0 13.5 28.0
2024-05-08T13:24:16.929949 17.9 76.0 7.4 12.8
2024-05-08T13:24:17.931251 2.0 1.0 1.0 2.0
2024-05-08T13:24:18.932826 12.7 45.0 5.2 11.1
2024-05-08T13:24:19.934290 21.4 100.0 9.8 18.3
2024-05-08T13:24:20.935829 26.7 100.0 13.8 16.7
2024-05-08T13:24:21.937267 23.3 100.0 15.3 16.5
2024-05-08T13:24:22.938784 25.0 100.0 13.7 17.6
2024-05-08T13:24:23.940179 14.9 56.0 4.3 9.5
2024-05-08T13:24:24.941502 0.0 0.0 0.0 0.0
2024-05-08T13:24:25.942751 11.9 65.0 10.1 15.8
2024-05-08T13:24:26.944320 17.5 100.0 10.5 24.0
2024-05-08T13:24:27.945824 20.2 100.0 8.7 22.8
2024-05-08T13:24:28.946761 25.0 100.0 12.5 19.1
2024-05-08T13:24:29.948306 20.6 100.0 11.3 20.0
2024-05-08T13:24:30.949650 7.9 36.4 5.1 7.2
2024-05-08T13:24:31.950803 0.0 0.0 2.0 0.0
2024-05-08T13:24:32.952107 0.0 0.0 0.0 0.0
2024-05-08T13:24:33.953147 0.0 0.0 0.0 1.0
2024-05-08T13:24:34.954466 1.0 0.0 0.0 0.0
2024-05-08T13:24:35.955776 0.0 1.0 1.0 0.0
2024-05-08T13:24:36.957063 0.0 1.0 0.0 2.0
