#type       avg     std     min      p5     p10     p50     p67     p75     p80     p85     p90     p95     p99    p999   p9999      QPS   target       ts_start         ts_end
read      361.0   238.7   148.8   225.9   242.0   330.6   379.4   409.3   432.3   460.3   495.6   548.6   719.0  2826.7  8751.1  30022.3    30000  1714652931870  1714652942045
read      376.0   428.5   160.7   227.8   243.5   331.6   382.8   414.6   438.1   467.2   503.4   559.5   733.5  7255.1 16092.5  30032.1    30005  1714652943553  1714652953692
read      361.0   427.7   160.7   222.9   237.2   317.3   365.3   395.7   419.0   446.6   481.6   534.9   694.6  7205.1 17481.6  29901.5    30010  1714652955199  1714652965315
read      352.9   376.0   160.7   222.3   236.3   314.2   361.0   391.1   413.7   441.0   474.8   527.5   677.0  5717.7 16871.3  29993.7    30015  1714652966822  1714652976937
read      355.4   346.6   160.7   225.0   239.3   318.9   366.1   395.6   418.1   444.8   477.8   527.5   656.2  5719.9 15785.9  30018.7    30020  1714652978445  1714652988559
read      356.5   397.0   160.7   223.8   238.1   316.4   364.1   394.3   417.4   445.0   479.5   531.6   677.3  5682.2 17457.0  30029.8    30025  1714652990067  1714653000186
read      347.2   324.1   148.8   220.6   234.5   312.1   357.7   386.7   408.0   435.1   468.8   519.5   656.9  5154.0 15518.9  29987.1    30030  1714653001695  1714653011809
read      352.6   369.5   160.7   221.4   235.5   314.3   360.8   390.6   412.9   440.1   474.2   525.5   656.2  5787.6 16013.4  29983.2    30035  1714653013316  1714653023436
read      349.1   321.2   160.7   222.7   236.9   313.5   359.7   389.9   412.7   440.1   474.7   526.2   650.2  4358.3 12913.2  30075.9    30040  1714653024944  1714653035058
read      386.3   471.6   160.7   228.8   245.8   339.1   391.5   423.7   447.5   474.9   510.3   572.8   853.7  7247.6 17032.2  30095.3    30045  1714653036567  1714653046688
read      354.8   223.3   160.7   227.9   244.3   329.8   375.5   402.8   424.5   449.6   481.3   530.7   655.3  2189.6  9061.1  30074.7    30050  1714653048197  1714653058313
read      354.8   289.6   160.7   224.5   240.1   327.8   375.8   404.2   426.1   451.3   482.2   529.0   641.2  2383.1 15656.3  30169.0    30055  1714653059821  1714653069943
read      353.7   209.2   160.7   223.7   240.0   331.1   379.4   406.9   428.2   452.8   483.0   529.1   639.5  1816.2  8720.7  30099.0    30060  1714653071450  1714653081573
read      361.5   263.4   160.7   225.5   242.0   334.3   384.3   413.5   434.9   460.7   493.0   541.4   673.7  2774.1 12325.7  30168.4    30065  1714653083080  1714653093199
read      356.5   286.0   148.8   224.2   240.2   328.3   377.1   406.7   429.6   456.1   488.4   536.7   658.9  2484.0 16268.2  30019.7    30070  1714653094707  1714653104829
read      345.5   269.3   148.8   225.7   241.0   318.6   362.2   389.4   409.6   434.7   466.4   511.8   628.9  2046.6 15039.4  30137.6    30075  1714653106337  1714653116454
Connection.cc(489): BEV_EVENT_ERROR for 100.96.2.12:11211 : Connection reset by peer
Connection.cc(491): Unexpected EOF from server.
Connection.cc(491): Unexpected EOF from server.
