2024-05-08T13:25:09.782677 0.0 0.0 0.0 0.0
2024-05-08T13:25:10.784014 2.0 2.0 0.0 2.0
2024-05-08T13:25:11.785315 0.0 0.0 1.0 0.0
2024-05-08T13:25:12.786629 0.0 1.0 0.0 0.0
2024-05-08T13:25:13.787926 2.0 1.0 0.0 1.0
2024-05-08T13:25:14.789275 1.0 1.0 0.0 1.0
2024-05-08T13:25:15.789822 1.0 1.0 1.0 0.0
2024-05-08T13:25:16.790610 1.0 0.0 0.0 1.0
2024-05-08T13:25:17.791897 1.0 0.0 1.0 0.0
2024-05-08T13:25:18.793196 0.0 1.0 1.0 1.0
2024-05-08T13:25:19.794526 0.0 0.0 0.0 1.0
2024-05-08T13:25:20.795800 0.0 0.0 0.0 0.0
2024-05-08T13:25:21.797108 3.9 2.1 5.9 3.0
2024-05-08T13:25:22.798437 1.0 0.0 0.0 1.0
2024-05-08T13:25:23.799733 0.0 1.0 0.0 1.0
2024-05-08T13:25:24.801007 0.0 1.0 1.0 0.0
2024-05-08T13:25:25.802320 1.0 1.0 0.0 0.0
2024-05-08T13:25:26.803660 0.0 0.0 0.0 1.0
2024-05-08T13:25:27.804974 1.0 2.0 1.0 1.0
2024-05-08T13:25:28.806292 2.0 1.0 1.0 0.0
2024-05-08T13:25:29.807618 0.0 2.0 0.0 0.0
2024-05-08T13:25:30.808902 1.0 0.0 1.0 2.0
2024-05-08T13:25:31.810207 0.0 2.0 1.0 0.0
2024-05-08T13:25:32.811469 0.0 1.0 0.0 0.0
2024-05-08T13:25:33.812779 5.8 10.8 4.0 4.0
2024-05-08T13:25:34.814046 3.9 11.7 2.0 2.0
2024-05-08T13:25:35.814678 2.0 12.5 3.0 2.0
2024-05-08T13:25:36.815950 1.0 10.9 1.0 2.0
2024-05-08T13:25:37.817295 2.0 9.9 2.0 4.9
2024-05-08T13:25:38.818646 1.0 2.0 1.0 1.0
2024-05-08T13:25:39.819929 1.0 10.2 0.0 0.0
2024-05-08T13:25:40.821207 2.0 47.2 1.0 1.1
2024-05-08T13:25:41.822697 10.2 46.2 4.9 3.1
2024-05-08T13:25:42.824038 7.6 47.2 1.0 1.0
2024-05-08T13:25:43.825435 4.9 46.5 2.0 2.1
2024-05-08T13:25:44.826608 4.9 45.6 0.0 1.0
2024-05-08T13:25:45.827924 0.0 1.0 0.0 0.0
2024-05-08T13:25:46.829206 5.8 24.4 1.0 1.0
2024-05-08T13:25:47.830387 13.6 56.3 3.1 2.1
2024-05-08T13:25:48.831668 6.9 55.9 6.9 3.1
2024-05-08T13:25:49.832941 12.8 55.4 0.0 1.0
2024-05-08T13:25:50.834379 5.0 55.9 5.0 1.0
2024-05-08T13:25:51.835702 6.7 45.8 5.9 0.0
2024-05-08T13:25:52.837000 1.0 0.0 0.0 1.0
2024-05-08T13:25:53.838467 10.2 34.8 3.0 0.0
2024-05-08T13:25:54.839803 17.5 58.4 2.1 3.1
2024-05-08T13:25:55.841090 14.5 58.1 1.1 3.1
2024-05-08T13:25:56.842515 12.3 58.1 1.1 1.1
2024-05-08T13:25:57.843809 11.3 58.1 4.1 3.1
2024-05-08T13:25:58.845118 7.7 38.2 1.0 2.0
2024-05-08T13:25:59.846486 1.0 1.0 0.0 1.0
2024-05-08T13:26:00.847760 15.2 46.5 1.0 1.0
2024-05-08T13:26:01.849039 23.8 61.0 2.1 0.0
2024-05-08T13:26:02.850533 19.8 61.1 5.2 1.1
2024-05-08T13:26:03.852025 24.8 60.8 3.1 2.1
2024-05-08T13:26:04.853366 14.5 60.4 1.1 1.1
2024-05-08T13:26:05.854676 9.3 30.1 3.0 2.0
2024-05-08T13:26:06.855982 1.0 1.0 0.0 1.0
2024-05-08T13:26:07.857289 10.6 56.5 1.1 2.2
2024-05-08T13:26:08.858807 12.4 63.3 4.2 1.1
2024-05-08T13:26:09.860177 21.8 63.5 6.1 4.3
2024-05-08T13:26:10.861587 27.0 62.7 4.1 2.2
2024-05-08T13:26:11.862778 13.1 63.5 3.1 1.1
2024-05-08T13:26:12.864122 4.9 16.5 1.0 2.0
2024-05-08T13:26:13.865401 0.0 2.0 1.0 1.0
2024-05-08T13:26:14.866737 14.3 65.4 6.2 3.3
2024-05-08T13:26:15.868131 17.4 65.8 6.1 4.4
2024-05-08T13:26:16.869428 19.6 65.8 4.2 4.3
2024-05-08T13:26:17.870880 21.7 66.2 9.8 1.1
2024-05-08T13:26:18.871819 20.9 64.5 2.1 2.2
2024-05-08T13:26:19.873160 0.0 0.0 0.0 1.0
2024-05-08T13:26:20.874626 4.9 20.2 1.0 1.0
2024-05-08T13:26:21.876190 17.8 68.9 6.3 5.5
2024-05-08T13:26:22.877532 17.6 67.8 3.2 2.3
2024-05-08T13:26:23.878991 25.8 68.0 3.2 2.3
2024-05-08T13:26:24.880308 14.6 69.0 3.3 2.3
2024-05-08T13:26:25.881003 16.7 57.7 1.1 5.3
2024-05-08T13:26:26.882340 1.0 1.0 1.0 1.0
2024-05-08T13:26:27.883847 11.3 37.1 0.0 2.2
2024-05-08T13:26:28.885198 21.4 72.5 4.2 1.2
2024-05-08T13:26:29.886673 16.2 72.5 3.1 4.7
2024-05-08T13:26:30.888120 23.0 72.8 7.1 0.0
2024-05-08T13:26:31.889188 22.8 72.5 6.1 5.7
2024-05-08T13:26:32.890585 17.9 48.4 2.1 2.2
2024-05-08T13:26:33.891880 0.0 0.0 0.0 0.0
2024-05-08T13:26:34.893149 20.5 52.5 2.2 0.0
2024-05-08T13:26:35.894547 16.8 75.8 4.4 4.5
2024-05-08T13:26:36.896110 22.4 75.2 7.4 2.3
2024-05-08T13:26:37.897516 17.0 75.2 3.4 2.3
2024-05-08T13:26:38.898713 11.9 76.5 7.6 3.4
2024-05-08T13:26:39.900059 0.0 33.3 6.0 2.1
2024-05-08T13:26:40.901371 0.0 1.0 0.0 2.0
2024-05-08T13:26:41.902757 20.4 68.9 3.3 2.3
2024-05-08T13:26:42.904262 11.1 80.0 3.3 7.7
2024-05-08T13:26:43.905689 19.8 80.0 6.4 1.2
2024-05-08T13:26:44.906737 18.3 80.6 5.4 3.4
2024-05-08T13:26:45.908189 24.1 81.3 2.2 0.0
2024-05-08T13:26:46.909492 6.7 17.5 2.0 1.0
2024-05-08T13:26:47.910803 1.0 1.0 0.0 1.0
2024-05-08T13:26:48.912275 19.6 83.1 7.8 4.9
2024-05-08T13:26:49.913828 19.4 82.8 6.6 7.2
2024-05-08T13:26:50.914843 23.7 84.0 6.7 4.9
2024-05-08T13:26:51.916384 20.9 83.3 10.5 9.4
2024-05-08T13:26:52.917761 25.4 82.5 8.7 6.1
2024-05-08T13:26:53.919072 0.0 1.0 0.0 1.0
2024-05-08T13:26:54.920483 3.0 22.1 0.0 3.1
2024-05-08T13:26:55.921953 18.3 87.7 5.5 7.3
2024-05-08T13:26:56.922868 20.6 89.3 3.4 9.4
2024-05-08T13:26:57.923844 20.2 91.0 6.7 6.2
2024-05-08T13:26:58.925239 18.4 89.2 8.6 6.1
2024-05-08T13:26:59.926573 21.4 71.8 4.3 4.7
2024-05-08T13:27:00.927920 1.0 0.0 1.0 0.0
2024-05-08T13:27:01.929374 3.1 38.8 2.1 3.2
2024-05-08T13:27:02.930835 15.6 97.1 6.8 7.2
2024-05-08T13:27:03.932416 18.4 96.1 3.4 6.1
2024-05-08T13:27:04.933941 16.8 94.4 14.1 4.9
2024-05-08T13:27:05.934798 20.2 96.1 7.7 7.1
2024-05-08T13:27:06.936131 10.9 59.2 2.2 4.5
2024-05-08T13:27:07.937433 2.0 0.0 2.0 1.0
2024-05-08T13:27:08.938816 10.7 58.8 4.5 5.7
2024-05-08T13:27:09.940327 18.5 97.1 9.3 12.9
2024-05-08T13:27:10.941905 22.1 97.1 10.5 14.1
2024-05-08T13:27:11.942818 18.7 98.0 13.8 17.0
2024-05-08T13:27:12.944262 24.3 96.2 11.5 11.0
2024-05-08T13:27:13.945598 3.1 40.6 4.2 3.3
2024-05-08T13:27:14.946923 0.0 0.0 0.0 0.0
2024-05-08T13:27:15.948289 18.4 79.2 7.8 14.9
2024-05-08T13:27:16.949679 14.4 99.0 11.1 19.1
2024-05-08T13:27:17.950700 23.5 99.0 13.3 23.2
2024-05-08T13:27:18.952240 23.2 100.0 16.0 17.6
2024-05-08T13:27:19.953617 21.6 100.0 16.8 13.5
2024-05-08T13:27:20.954618 3.1 20.4 5.0 3.1
2024-05-08T13:27:21.955956 0.0 2.0 0.0 0.0
2024-05-08T13:27:22.957384 22.0 97.0 8.5 16.7
2024-05-08T13:27:23.958794 25.7 99.0 7.5 15.6
2024-05-08T13:27:24.960213 16.7 100.0 6.5 20.8
2024-05-08T13:27:25.961642 18.0 100.0 12.5 22.4
2024-05-08T13:27:26.963193 19.0 100.0 12.2 14.8
2024-05-08T13:27:27.964553 0.0 3.0 2.0 2.0
2024-05-08T13:27:28.966081 0.0 19.0 3.1 4.1
2024-05-08T13:27:29.966800 18.4 100.0 23.2 18.3
2024-05-08T13:27:30.968266 19.0 100.0 20.6 16.3
2024-05-08T13:27:31.969712 16.3 100.0 18.9 16.3
2024-05-08T13:27:32.970818 19.2 100.0 15.4 22.2
2024-05-08T13:27:33.972141 14.1 82.0 15.6 14.7
2024-05-08T13:27:34.972596 1.0 0.0 1.0 0.0
2024-05-08T13:27:35.973313 8.0 38.0 4.1 11.9
2024-05-08T13:27:36.974717 17.2 100.0 14.6 23.2
2024-05-08T13:27:37.976171 20.2 100.0 11.8 29.1
2024-05-08T13:27:38.977694 24.3 100.0 15.5 18.7
2024-05-08T13:27:39.978814 20.2 100.0 15.3 19.8
2024-05-08T13:27:40.980211 11.9 63.4 10.1 11.6
2024-05-08T13:27:41.981496 0.0 1.0 1.0 0.0
2024-05-08T13:27:42.982783 7.2 56.4 5.2 9.5
2024-05-08T13:27:43.984307 13.5 100.0 11.6 17.7
2024-05-08T13:27:44.985821 21.5 100.0 10.5 21.4
2024-05-08T13:27:45.986736 20.8 100.0 14.3 13.5
2024-05-08T13:27:46.988197 21.0 100.0 16.7 18.6
2024-05-08T13:27:47.989542 9.9 44.4 7.1 9.2
2024-05-08T13:27:48.990862 1.0 0.0 0.0 1.0
2024-05-08T13:27:49.992314 16.0 77.0 6.5 9.7
2024-05-08T13:27:50.993750 22.5 100.0 12.5 15.8
2024-05-08T13:27:51.994857 20.4 100.0 14.4 14.9
2024-05-08T13:27:52.996347 20.0 100.0 14.3 12.1
2024-05-08T13:27:53.997732 19.8 100.0 11.5 11.1
2024-05-08T13:27:54.999112 6.9 24.0 3.0 5.9
2024-05-08T13:27:56.000412 1.0 1.0 0.0 2.0
2024-05-08T13:27:57.001894 15.1 97.0 23.1 23.7
2024-05-08T13:27:58.002765 24.8 100.0 20.0 23.7
2024-05-08T13:27:59.004262 23.1 100.0 18.4 25.8
2024-05-08T13:28:00.005170 19.4 100.0 13.0 20.0
2024-05-08T13:28:01.006724 23.1 100.0 12.9 25.8
2024-05-08T13:28:02.008074 2.0 3.0 1.0 2.0
2024-05-08T13:28:03.009563 2.0 16.0 4.0 2.0
2024-05-08T13:28:04.010760 14.3 100.0 17.9 14.4
2024-05-08T13:28:05.012235 19.8 100.0 20.8 13.7
2024-05-08T13:28:06.013660 21.0 100.0 18.7 14.4
2024-05-08T13:28:07.014777 20.2 100.0 16.8 14.6
2024-05-08T13:28:08.016091 14.4 84.0 16.2 12.4
2024-05-08T13:28:09.017415 0.0 1.0 0.0 1.0
2024-05-08T13:28:10.018728 10.7 37.0 8.2 1.1
2024-05-08T13:28:11.020089 22.9 100.0 18.9 9.6
2024-05-08T13:28:12.021558 23.1 100.0 21.4 10.5
2024-05-08T13:28:13.022797 16.7 100.0 25.7 13.3
2024-05-08T13:28:14.024239 20.0 100.0 20.0 10.4
2024-05-08T13:28:15.025646 14.9 64.4 13.4 8.2
2024-05-08T13:28:16.026963 0.0 0.0 1.0 0.0
2024-05-08T13:28:17.028510 8.3 57.6 6.6 11.6
2024-05-08T13:28:18.029727 22.1 100.0 14.9 19.1
2024-05-08T13:28:19.030814 22.4 100.0 16.7 18.0
2024-05-08T13:28:20.032321 21.2 100.0 16.0 19.8
2024-05-08T13:28:21.033772 22.6 100.0 17.7 18.7
2024-05-08T13:28:22.034608 7.0 42.4 6.2 5.3
2024-05-08T13:28:23.035934 0.0 0.0 1.0 1.0
2024-05-08T13:28:24.037227 2.9 0.0 1.0 0.0
2024-05-08T13:28:25.038574 0.0 2.0 0.0 0.0
2024-05-08T13:28:26.039843 1.0 1.0 1.0 1.0
2024-05-08T13:28:27.041137 1.0 0.0 0.0 0.0
2024-05-08T13:28:28.042463 0.0 2.0 3.0 1.0
2024-05-08T13:28:29.043756 2.0 1.0 1.0 0.0
