#type       avg     std     min      p5     p10     p50     p67     p75     p80     p85     p90     p95     p99    p999   p9999      QPS   target       ts_start         ts_end
read      371.7   420.1   160.7   226.3   241.1   324.0   373.3   404.0   428.7   457.6   494.1   548.4   780.4  7286.8 15788.1  30000.5    30000  1714653191614  1714653201778
read      402.9   499.9   160.7   233.3   249.7   350.2   407.5   441.6   466.6   497.6   537.8   607.5   872.4  8729.2 19461.0  29994.6    30005  1714653203285  1714653213431
read      375.3   288.3   160.7   233.2   249.2   342.0   394.6   426.3   450.0   477.4   511.4   568.3   724.5  4318.6 11501.2  30067.7    30010  1714653214939  1714653225067
read      358.7   377.0   148.8   223.1   238.0   319.6   369.2   399.8   423.7   451.7   486.6   537.7   684.3  5307.8 17076.1  30046.7    30015  1714653226576  1714653236696
read      356.4   348.7   160.7   223.5   238.1   319.9   369.2   399.9   423.7   451.6   486.1   537.4   676.4  4253.7 15727.9  29999.4    30020  1714653238204  1714653248324
read      369.7   269.9   160.7   227.7   243.3   336.5   389.0   420.5   443.9   471.1   507.1   564.2   714.7  4204.2  8718.4  30098.5    30025  1714653249832  1714653259946
read      376.9   324.3   160.7   232.7   248.1   339.5   392.5   424.5   448.1   475.1   509.9   566.5   735.1  5103.1 12046.9  30082.0    30030  1714653261454  1714653271573
read      344.3   287.0   160.7   223.5   237.2   312.2   356.3   384.6   405.6   432.8   465.7   513.6   635.4  3857.0 12552.5  30038.1    30035  1714653273080  1714653283202
read      400.8   478.4   160.7   234.5   251.3   353.9   409.2   442.4   466.6   496.4   535.2   600.4   825.8  8358.2 19063.5  30150.7    30040  1714653284709  1714653294827
read      350.3   239.1   148.8   223.6   239.0   322.9   371.0   400.1   422.4   448.3   480.5   529.6   657.0  1974.0 11658.9  30016.5    30045  1714653296334  1714653306450
read      353.5   228.5   148.8   225.1   241.2   328.1   375.8   403.8   426.0   451.4   482.7   531.5   649.8  2198.5 12017.8  30017.4    30050  1714653307958  1714653318076
read      357.7   213.5   160.7   226.9   242.8   332.9   381.6   409.5   430.8   456.6   488.9   538.3   667.1  1812.9  8672.8  30050.9    30055  1714653319586  1714653329703
read      360.4   242.5   160.7   225.4   241.3   334.2   383.5   412.3   433.5   459.3   491.5   541.1   677.2  3099.5  9337.6  30108.3    30060  1714653331210  1714653341332
read      349.0   178.9   160.7   224.0   239.3   324.7   371.9   400.1   421.8   447.2   479.0   530.3   654.4  1739.2  7994.0  30092.7    30065  1714653342837  1714653352952
read      358.8   235.6   160.7   229.6   245.3   333.2   381.4   410.1   431.7   457.6   489.7   537.6   659.5  2225.7 10393.4  29973.2    30070  1714653354460  1714653364575
read      350.8   229.9   160.7   228.0   243.0   324.1   369.6   397.5   418.6   442.8   471.9   517.1   636.5  2668.2 10093.2  30052.2    30075  1714653366083  1714653376198
read      349.0   256.8   160.7   224.7   239.7   320.1   366.5   394.6   415.9   441.0   472.9   522.9   642.3  3103.5 10025.8  30093.7    30080  1714653377708  1714653387828
read      347.3   204.2   160.7   224.0   238.9   321.9   369.0   397.4   418.7   443.4   474.0   522.6   637.7  1869.6  8581.6  30051.6    30085  1714653389334  1714653399446
Connection.cc(491): Unexpected EOF from server.
Connection.cc(491): Unexpected EOF from server.
Connection.cc(491): Unexpected EOF from server.
