#type       avg     std     min      p5     p10     p50     p67     p75     p80     p85     p90     p95     p99    p999   p9999      QPS   target       ts_start         ts_end
read      393.9   371.0   148.8   231.7   248.4   343.8   398.5   432.5   458.8   490.5   532.2   607.4  1156.3  5547.7 16049.6  29928.5    30000  1714652613444  1714652623622
read      393.4   508.8   160.7   228.5   245.0   342.2   397.0   430.7   456.3   486.5   525.2   587.8   857.3  9183.1 19352.3  30050.5    30005  1714652625130  1714652635288
read      377.0   488.1   160.7   224.7   240.0   329.0   379.2   410.3   434.5   463.7   500.5   558.1   770.4  8305.6 19856.5  30000.9    30010  1714652636795  1714652646911
read      351.3   321.6   148.8   222.8   237.3   316.4   363.5   393.3   416.0   443.0   477.1   528.9   665.4  4216.4 12919.0  29987.8    30015  1714652648420  1714652658537
read      367.6   356.1   160.7   224.5   240.4   328.6   379.3   410.9   434.5   463.3   499.6   551.6   711.6  6746.0 12360.5  29964.9    30020  1714652660046  1714652670166
read      353.0   260.9   160.7   222.3   237.0   320.5   369.5   399.4   422.9   450.7   485.4   536.7   674.0  3801.6 10711.3  29971.0    30025  1714652671673  1714652681790
read      342.6   293.6   160.7   221.7   235.2   308.7   352.8   382.4   404.1   432.3   466.6   515.9   629.8  4153.0 12222.2  30075.0    30030  1714652683296  1714652693413
read      366.3   320.8   160.7   225.2   240.7   331.4   381.9   412.2   435.2   463.4   498.6   550.2   713.6  4483.0 13270.2  29971.0    30035  1714652694919  1714652705035
read      376.4   340.6   160.7   229.3   246.1   341.4   393.4   424.9   448.6   476.1   511.5   570.3   738.0  4569.1 14704.0  30088.5    30040  1714652706544  1714652716662
read      378.8   327.7   160.7   226.0   243.3   342.3   395.8   428.1   452.1   480.0   516.2   577.6   787.2  5105.7 12818.5  30016.7    30045  1714652718173  1714652728292
read      357.6   232.6   160.7   223.2   239.5   331.8   381.0   410.1   432.2   458.3   491.2   541.0   682.9  2131.5  9707.4  30028.4    30050  1714652729800  1714652739919
read      350.3   237.1   160.7   224.3   239.4   324.2   371.6   400.3   422.4   448.2   480.5   528.7   639.9  1724.5 12048.1  30069.7    30055  1714652741426  1714652751546
read      357.3   298.7   160.7   224.2   240.3   331.4   380.4   409.0   430.9   456.8   489.0   538.0   663.1  1770.0 15576.7  30027.8    30060  1714652753054  1714652763172
read      357.7   277.3   148.8   225.1   240.9   330.0   378.9   407.9   430.0   456.2   488.9   537.4   657.6  2540.4 15256.1  29987.6    30065  1714652764679  1714652774791
read      363.9   250.1   160.7   231.4   247.2   337.2   386.6   415.8   436.9   463.4   496.3   544.7   667.6  2381.5 12165.9  30054.3    30070  1714652776298  1714652786414
read      347.4   267.1   160.7   222.2   237.1   318.7   365.7   394.4   416.3   442.8   475.3   526.1   652.8  2327.6 15422.7  30065.0    30075  1714652787921  1714652798040
read      339.5   217.7   160.7   220.6   234.8   313.7   357.8   385.4   405.5   431.6   464.1   510.8   635.0  2041.6 10592.7  30100.5    30080  1714652799547  1714652809662
Connection.cc(491): Unexpected EOF from server.
Connection.cc(491): Unexpected EOF from server.
Connection.cc(491): Unexpected EOF from server.
