2024-05-08T13:17:26.433160 0.0 0.0 0.0 0.0
2024-05-08T13:17:27.434504 0.0 2.0 0.0 1.0
2024-05-08T13:17:28.435216 0.0 1.0 1.0 1.0
2024-05-08T13:17:29.436523 0.0 0.0 0.0 0.0
2024-05-08T13:17:30.437816 0.0 0.0 1.0 0.0
2024-05-08T13:17:31.439166 0.0 1.0 0.0 1.0
2024-05-08T13:17:32.440513 2.0 2.0 0.0 1.0
2024-05-08T13:17:33.441828 0.0 0.0 0.0 0.0
2024-05-08T13:17:34.443174 0.0 0.0 0.0 0.0
2024-05-08T13:17:35.444475 1.0 1.0 0.0 0.0
2024-05-08T13:17:36.445799 2.0 1.0 0.0 1.0
2024-05-08T13:17:37.447097 0.0 0.0 0.0 0.0
2024-05-08T13:17:38.448396 2.0 3.0 5.0 5.9
2024-05-08T13:17:39.449737 1.0 2.0 1.0 0.0
2024-05-08T13:17:40.451070 0.0 0.0 1.0 0.0
2024-05-08T13:17:41.452408 1.0 1.0 0.0 0.0
2024-05-08T13:17:42.453712 1.0 0.0 1.0 1.0
2024-05-08T13:17:43.455020 0.0 0.0 2.0 0.0
2024-05-08T13:17:44.456322 0.0 0.0 0.0 0.0
2024-05-08T13:17:45.457610 0.0 3.0 0.0 0.0
2024-05-08T13:17:46.458936 1.0 0.0 0.0 2.0
2024-05-08T13:17:47.460265 1.0 0.0 0.0 0.0
2024-05-08T13:17:48.461570 0.0 1.0 0.0 1.0
2024-05-08T13:17:49.462643 0.0 0.0 0.0 0.0
2024-05-08T13:17:50.463946 3.0 4.0 4.0 0.0
2024-05-08T13:17:51.465264 3.0 3.1 3.1 0.0
2024-05-08T13:17:52.466637 4.0 4.1 4.1 1.0
2024-05-08T13:17:53.467921 2.0 5.1 8.7 2.0
2024-05-08T13:17:54.469247 3.0 7.8 7.0 0.0
2024-05-08T13:17:55.470594 2.0 2.0 3.0 2.0
2024-05-08T13:17:56.471918 0.0 0.0 0.0 1.0
2024-05-08T13:17:57.473198 15.8 36.4 32.6 3.0
2024-05-08T13:17:58.473799 21.8 36.6 35.0 5.0
2024-05-08T13:17:59.474691 21.3 41.4 37.9 3.0
2024-05-08T13:18:00.475991 20.7 39.6 37.9 0.0
2024-05-08T13:18:01.477298 26.7 40.7 36.6 1.0
2024-05-08T13:18:02.478618 3.9 8.4 9.3 1.0
2024-05-08T13:18:03.479904 2.0 2.0 2.0 0.0
2024-05-08T13:18:04.481185 27.5 53.0 51.7 5.1
2024-05-08T13:18:05.481764 24.8 52.5 52.5 10.7
2024-05-08T13:18:06.482850 25.0 52.2 51.1 1.1
2024-05-08T13:18:07.484162 27.5 51.4 51.1 2.1
2024-05-08T13:18:08.485444 20.8 51.4 50.3 4.1
2024-05-08T13:18:09.486721 0.0 0.0 1.0 2.0
2024-05-08T13:18:10.487993 7.5 16.5 17.9 1.0
2024-05-08T13:18:11.489369 29.9 55.0 55.0 3.2
2024-05-08T13:18:12.490792 31.9 55.2 54.7 6.1
2024-05-08T13:18:13.492119 32.4 54.7 55.0 10.8
2024-05-08T13:18:14.493491 30.4 54.7 54.4 4.2
2024-05-08T13:18:15.494645 21.0 48.5 48.5 6.9
2024-05-08T13:18:16.495981 0.0 1.0 1.0 1.0
2024-05-08T13:18:17.497278 12.7 28.9 30.0 3.0
2024-05-08T13:18:18.498784 32.1 56.7 56.5 7.1
2024-05-08T13:18:19.500127 23.3 55.9 56.8 12.4
2024-05-08T13:18:20.501440 19.8 56.5 56.8 17.1
2024-05-08T13:18:21.502773 26.4 55.9 56.8 9.8
2024-05-08T13:18:22.504125 18.6 42.2 41.8 2.1
2024-05-08T13:18:23.505452 0.0 2.0 0.0 0.0
2024-05-08T13:18:24.506822 19.8 39.3 39.3 8.7
2024-05-08T13:18:25.507802 28.5 58.0 57.8 3.2
2024-05-08T13:18:26.509074 27.0 57.6 57.8 12.6
2024-05-08T13:18:27.509362 32.1 57.5 57.5 4.2
2024-05-08T13:18:28.510940 23.3 58.4 57.8 13.3
2024-05-08T13:18:29.512308 6.9 33.3 34.3 0.0
2024-05-08T13:18:30.513636 0.0 1.0 0.0 0.0
2024-05-08T13:18:31.514834 23.1 49.0 50.3 7.1
2024-05-08T13:18:32.516128 28.1 59.4 59.3 11.0
2024-05-08T13:18:33.517456 29.0 58.8 59.5 10.1
2024-05-08T13:18:34.518808 24.1 58.5 59.2 9.2
2024-05-08T13:18:35.520154 28.1 58.5 59.2 5.3
2024-05-08T13:18:36.521467 10.3 22.2 21.4 2.0
2024-05-08T13:18:37.522776 1.0 1.0 0.0 0.0
2024-05-08T13:18:38.524174 29.5 59.0 59.3 8.6
2024-05-08T13:18:39.525486 10.0 60.6 61.7 13.3
2024-05-08T13:18:40.526776 7.1 61.2 61.0 14.9
2024-05-08T13:18:41.528088 9.1 60.2 61.0 20.6
2024-05-08T13:18:42.529439 21.6 60.6 61.0 7.5
2024-05-08T13:18:43.530600 2.0 5.8 5.8 2.0
2024-05-08T13:18:44.531940 2.0 13.9 13.1 4.9
2024-05-08T13:18:45.533236 26.5 62.1 62.3 11.3
2024-05-08T13:18:46.533876 32.3 61.5 62.5 8.5
2024-05-08T13:18:47.534794 20.2 62.5 62.5 8.4
2024-05-08T13:18:48.536188 18.9 62.1 62.3 13.0
2024-05-08T13:18:49.537523 19.4 56.6 57.2 12.7
2024-05-08T13:18:50.538835 1.0 1.0 1.0 1.0
2024-05-08T13:18:51.540232 8.7 28.6 29.1 4.0
2024-05-08T13:18:52.541586 25.6 63.3 64.3 9.4
2024-05-08T13:18:53.542825 34.3 63.1 64.7 3.3
2024-05-08T13:18:54.544186 27.9 62.7 64.1 7.4
2024-05-08T13:18:55.545516 27.9 63.5 64.5 6.5
2024-05-08T13:18:56.546634 18.8 48.2 50.0 10.9
2024-05-08T13:18:57.547949 0.0 1.0 0.0 0.0
2024-05-08T13:18:58.549229 13.3 40.9 40.6 2.2
2024-05-08T13:18:59.550771 29.2 65.6 64.5 8.0
2024-05-08T13:19:00.552160 36.1 65.1 64.9 2.4
2024-05-08T13:19:01.553576 25.7 66.0 64.9 9.0
2024-05-08T13:19:02.555007 25.7 66.4 65.6 8.0
2024-05-08T13:19:03.556372 15.6 39.7 38.7 3.2
2024-05-08T13:19:04.557683 0.0 1.0 0.0 0.0
2024-05-08T13:19:05.558761 25.2 53.8 54.5 4.5
2024-05-08T13:19:06.560201 28.8 68.8 69.0 4.8
2024-05-08T13:19:07.561621 28.0 68.5 67.8 22.9
2024-05-08T13:19:08.562912 28.6 69.0 69.2 8.0
2024-05-08T13:19:09.564494 17.5 69.0 68.8 25.2
2024-05-08T13:19:10.565840 14.4 25.4 24.6 1.1
2024-05-08T13:19:11.567164 1.0 0.0 0.0 0.0
2024-05-08T13:19:12.568701 27.0 65.0 65.5 7.4
2024-05-08T13:19:13.570075 19.4 69.0 69.0 15.9
2024-05-08T13:19:14.571076 25.7 69.4 69.0 20.4
2024-05-08T13:19:15.572086 16.7 69.2 69.2 16.9
2024-05-08T13:19:16.573009 23.8 69.0 68.8 14.1
2024-05-08T13:19:17.573611 0.0 9.6 8.7 1.0
2024-05-08T13:19:18.575037 3.0 12.4 11.4 1.0
2024-05-08T13:19:19.576513 21.6 72.3 71.9 19.4
2024-05-08T13:19:20.577805 24.8 71.9 71.2 13.6
2024-05-08T13:19:21.578827 36.4 71.6 71.3 3.8
2024-05-08T13:19:22.580407 42.4 72.3 71.5 3.8
2024-05-08T13:19:23.581699 33.3 66.2 65.9 8.2
2024-05-08T13:19:24.583058 0.0 0.0 0.0 0.0
2024-05-08T13:19:25.584834 9.5 28.4 27.3 10.0
2024-05-08T13:19:26.586431 34.9 76.3 73.0 10.0
2024-05-08T13:19:27.587908 30.9 75.8 72.7 10.8
2024-05-08T13:19:28.589331 28.0 77.5 73.9 13.3
2024-05-08T13:19:29.590948 24.1 77.5 73.3 16.3
2024-05-08T13:19:30.592245 20.4 57.5 55.2 5.8
2024-05-08T13:19:31.593544 1.0 1.0 1.0 0.0
2024-05-08T13:19:32.594922 18.0 43.9 44.3 5.6
2024-05-08T13:19:33.596443 23.1 76.9 78.0 12.5
2024-05-08T13:19:34.597900 39.1 76.2 76.2 13.3
2024-05-08T13:19:35.598943 27.0 76.9 77.7 22.8
2024-05-08T13:19:36.600401 33.6 77.5 78.7 13.9
2024-05-08T13:19:37.601793 9.1 44.2 43.9 9.7
2024-05-08T13:19:38.603100 0.0 0.0 0.0 0.0
2024-05-08T13:19:39.604542 26.9 58.1 59.5 5.8
2024-05-08T13:19:40.605918 23.6 78.9 79.5 15.1
2024-05-08T13:19:41.606799 26.4 79.4 80.0 16.1
2024-05-08T13:19:42.608432 21.4 81.3 82.6 14.1
2024-05-08T13:19:43.609807 32.5 79.2 79.8 9.9
2024-05-08T13:19:44.611126 17.5 29.6 29.9 1.1
2024-05-08T13:19:45.612440 1.0 0.0 0.0 0.0
2024-05-08T13:19:46.613951 26.2 74.4 71.9 14.6
2024-05-08T13:19:47.614900 23.5 82.8 80.0 17.1
2024-05-08T13:19:48.616423 27.2 81.8 79.4 14.8
2024-05-08T13:19:49.617149 28.3 82.5 79.2 17.1
2024-05-08T13:19:50.618719 34.2 83.3 80.2 13.9
2024-05-08T13:19:51.620078 5.0 12.5 11.7 1.0
2024-05-08T13:19:52.621524 3.0 7.0 6.9 0.0
2024-05-08T13:19:53.622802 30.3 86.3 84.7 10.5
2024-05-08T13:19:54.624261 21.2 86.8 85.6 16.3
2024-05-08T13:19:55.625771 17.0 85.5 83.1 22.8
2024-05-08T13:19:56.626860 34.7 87.7 85.5 9.4
2024-05-08T13:19:57.627673 26.1 82.1 81.4 9.3
2024-05-08T13:19:58.629006 2.0 0.0 0.0 1.0
2024-05-08T13:19:59.630598 4.1 27.2 26.7 11.7
2024-05-08T13:20:00.632143 31.4 90.9 87.0 6.8
2024-05-08T13:20:01.633659 23.6 90.8 86.8 6.8
2024-05-08T13:20:02.634841 25.9 94.3 91.7 8.2
2024-05-08T13:20:03.636434 26.9 94.3 90.2 20.2
2024-05-08T13:20:04.637790 9.4 67.6 65.2 14.3
2024-05-08T13:20:05.639130 1.0 0.0 0.0 2.0
2024-05-08T13:20:06.640732 11.7 45.2 43.7 5.7
2024-05-08T13:20:07.642400 22.7 90.1 89.2 11.7
2024-05-08T13:20:08.643970 30.3 87.6 89.4 13.7
2024-05-08T13:20:09.645388 26.3 88.6 87.6 19.0
2024-05-08T13:20:10.646992 19.8 89.3 90.1 19.5
2024-05-08T13:20:11.648495 9.9 51.4 51.9 10.9
2024-05-08T13:20:12.649808 0.0 1.0 0.0 1.0
2024-05-08T13:20:13.651007 24.5 61.8 63.2 13.2
2024-05-08T13:20:14.652805 25.0 88.4 90.0 31.6
2024-05-08T13:20:15.654423 29.6 87.0 89.2 22.1
2024-05-08T13:20:16.655208 23.0 89.3 91.8 36.4
2024-05-08T13:20:17.656941 25.3 88.6 90.1 28.8
2024-05-08T13:20:18.658339 12.5 30.8 31.7 4.5
2024-05-08T13:20:19.659655 0.0 1.0 0.0 0.0
2024-05-08T13:20:20.661636 27.3 82.9 82.9 21.4
2024-05-08T13:20:21.662954 28.2 93.4 92.6 18.8
2024-05-08T13:20:22.664776 24.0 95.2 95.2 25.4
2024-05-08T13:20:23.666427 25.5 95.2 94.4 22.2
2024-05-08T13:20:24.668210 17.0 98.1 98.0 30.4
2024-05-08T13:20:25.669627 3.0 13.1 13.9 6.1
2024-05-08T13:20:26.670698 5.8 9.8 7.1 1.0
2024-05-08T13:20:27.672422 28.2 100.0 100.0 26.6
2024-05-08T13:20:28.673952 29.6 100.0 100.0 25.3
2024-05-08T13:20:29.674950 28.2 100.0 100.0 27.1
2024-05-08T13:20:30.676473 20.0 100.0 100.0 25.3
2024-05-08T13:20:31.676845 26.9 92.0 92.1 21.5
2024-05-08T13:20:32.678131 2.0 0.0 0.0 1.0
2024-05-08T13:20:33.678792 8.2 28.0 28.7 5.3
2024-05-08T13:20:34.680307 37.9 100.0 100.0 26.9
2024-05-08T13:20:35.681868 36.7 100.0 100.0 28.3
2024-05-08T13:20:36.682783 36.6 100.0 100.0 30.5
2024-05-08T13:20:37.684350 30.8 99.0 100.0 34.3
2024-05-08T13:20:38.685698 25.3 73.0 73.3 19.6
2024-05-08T13:20:39.687005 1.0 0.0 0.0 1.0
2024-05-08T13:20:40.688379 0.0 0.0 0.0 0.0
2024-05-08T13:20:41.689694 0.0 1.0 0.0 0.0
2024-05-08T13:20:42.690643 0.0 0.0 0.0 0.0
2024-05-08T13:20:43.691951 1.0 1.0 1.0 1.0
2024-05-08T13:20:44.693282 0.0 0.0 0.0 0.0
2024-05-08T13:20:45.694592 1.0 1.0 0.0 2.0
