2024-05-08T13:44:45.872817 0.0 0.0 0.0 0.0
2024-05-08T13:44:46.874154 1.0 0.0 0.0 2.0
2024-05-08T13:44:47.875468 0.0 0.0 0.0 0.0
2024-05-08T13:44:48.876779 0.0 0.0 1.0 1.0
2024-05-08T13:44:49.878087 1.0 0.0 1.0 0.0
2024-05-08T13:44:50.878627 1.0 1.0 0.0 0.0
2024-05-08T13:44:51.879964 0.0 0.0 0.0 0.0
2024-05-08T13:44:52.881268 1.0 1.0 1.0 1.0
2024-05-08T13:44:53.882593 1.0 0.0 0.0 0.0
2024-05-08T13:44:54.883879 0.0 0.0 0.0 0.0
2024-05-08T13:44:55.885175 1.0 0.0 0.0 0.0
2024-05-08T13:44:56.886462 0.0 0.0 1.0 1.0
2024-05-08T13:44:57.887747 5.9 3.0 3.0 5.0
2024-05-08T13:44:58.889099 0.0 1.0 0.0 0.0
2024-05-08T13:44:59.890455 2.0 1.0 1.0 0.0
2024-05-08T13:45:00.891784 0.0 0.0 0.0 1.0
2024-05-08T13:45:01.893128 1.0 1.0 0.0 0.0
2024-05-08T13:45:02.894504 1.0 1.0 1.0 1.0
2024-05-08T13:45:03.895856 1.0 0.0 0.0 1.0
2024-05-08T13:45:04.897213 1.0 2.0 0.0 0.0
2024-05-08T13:45:05.898605 1.0 0.0 1.0 1.0
2024-05-08T13:45:06.899905 0.0 1.0 1.0 0.0
2024-05-08T13:45:07.901219 1.0 1.0 0.0 1.0
2024-05-08T13:45:08.902557 1.0 2.0 1.0 1.0
2024-05-08T13:45:09.903843 1.0 12.5 1.0 3.0
2024-05-08T13:45:10.905236 1.0 11.7 1.0 3.0
2024-05-08T13:45:11.906563 3.0 10.8 3.0 3.0
2024-05-08T13:45:12.907831 2.0 10.7 4.0 2.0
2024-05-08T13:45:13.909365 2.0 11.7 3.0 2.0
2024-05-08T13:45:14.910745 1.0 0.0 0.0 0.0
2024-05-08T13:45:15.912033 1.0 9.5 2.9 1.0
2024-05-08T13:45:16.913446 8.6 38.1 4.9 4.0
2024-05-08T13:45:17.914632 7.7 36.1 3.0 7.8
2024-05-08T13:45:18.915919 9.4 36.6 7.7 6.8
2024-05-08T13:45:19.917221 5.0 34.1 5.0 13.8
2024-05-08T13:45:20.918577 5.9 32.3 4.0 5.0
2024-05-08T13:45:21.919895 1.0 0.0 0.0 0.0
2024-05-08T13:45:22.921325 4.0 22.9 3.9 4.9
2024-05-08T13:45:23.922693 7.7 51.8 5.9 12.1
2024-05-08T13:45:24.924003 8.7 52.4 8.6 11.3
2024-05-08T13:45:25.925397 10.4 52.1 6.8 8.7
2024-05-08T13:45:26.926773 5.0 51.9 10.3 13.0
2024-05-08T13:45:27.928134 9.3 37.7 8.5 4.0
2024-05-08T13:45:28.929490 1.0 0.0 0.0 1.0
2024-05-08T13:45:29.930711 7.8 38.8 7.7 4.0
2024-05-08T13:45:30.932004 14.0 57.6 9.5 10.6
2024-05-08T13:45:31.933138 12.3 56.4 6.9 8.7
2024-05-08T13:45:32.934601 17.0 57.1 12.0 12.3
2024-05-08T13:45:33.935903 12.4 58.1 16.8 9.7
2024-05-08T13:45:34.937231 7.6 33.8 8.5 5.0
2024-05-08T13:45:35.938575 1.0 0.0 0.0 2.0
2024-05-08T13:45:36.939847 8.7 49.0 9.5 9.7
2024-05-08T13:45:37.941211 13.1 59.9 13.8 8.9
2024-05-08T13:45:38.942667 12.1 60.1 15.3 11.7
2024-05-08T13:45:39.943958 8.8 59.5 13.1 14.8
2024-05-08T13:45:40.945309 12.3 59.6 8.8 16.5
2024-05-08T13:45:41.946657 5.8 23.7 2.0 6.7
2024-05-08T13:45:42.947961 1.0 1.0 0.0 0.0
2024-05-08T13:45:43.949319 13.3 57.1 10.5 9.8
2024-05-08T13:45:44.950790 16.5 62.3 10.5 19.6
2024-05-08T13:45:45.952086 17.3 62.1 14.4 17.4
2024-05-08T13:45:46.953364 21.9 61.9 9.6 19.8
2024-05-08T13:45:47.954891 15.0 62.0 6.9 11.7
2024-05-08T13:45:48.956200 2.0 10.4 2.9 1.0
2024-05-08T13:45:49.957472 1.0 9.5 2.0 4.0
2024-05-08T13:45:50.958935 11.7 65.6 12.8 19.6
2024-05-08T13:45:51.960229 15.0 64.5 5.1 15.5
2024-05-08T13:45:52.961507 15.0 64.9 7.8 17.1
2024-05-08T13:45:53.962799 9.0 64.9 13.0 14.7
2024-05-08T13:45:54.964068 12.4 61.5 8.7 17.8
2024-05-08T13:45:55.965388 0.0 0.0 1.0 0.0
2024-05-08T13:45:56.966766 5.8 25.9 5.0 5.0
2024-05-08T13:45:57.968212 23.3 68.9 15.7 9.5
2024-05-08T13:45:58.969521 10.5 67.8 12.5 14.7
2024-05-08T13:45:59.970707 13.2 68.5 17.1 21.1
2024-05-08T13:46:00.972198 17.9 69.0 12.5 14.0
2024-05-08T13:46:01.973569 12.1 53.8 16.2 11.8
2024-05-08T13:46:02.974910 0.0 2.0 0.0 0.0
2024-05-08T13:46:03.976260 7.9 41.3 5.9 1.1
2024-05-08T13:46:04.977337 19.3 69.9 15.9 19.8
2024-05-08T13:46:05.978738 20.7 69.4 11.8 18.1
2024-05-08T13:46:06.980158 17.1 70.4 17.4 18.9
2024-05-08T13:46:07.981437 21.6 70.4 9.2 18.9
2024-05-08T13:46:08.982762 12.4 42.1 6.9 10.6
2024-05-08T13:46:09.984049 0.0 2.0 1.0 0.0
2024-05-08T13:46:10.985408 12.4 54.8 11.8 17.1
2024-05-08T13:46:11.986776 15.4 72.1 19.8 20.0
2024-05-08T13:46:12.988189 18.7 72.3 18.4 21.9
2024-05-08T13:46:13.989553 19.3 71.9 18.1 16.0
2024-05-08T13:46:14.990705 18.3 72.7 15.5 19.4
2024-05-08T13:46:15.992045 3.0 26.4 11.2 6.0
2024-05-08T13:46:16.993422 1.0 2.0 1.0 1.0
2024-05-08T13:46:17.994810 15.4 68.5 14.7 16.0
2024-05-08T13:46:18.996170 19.6 75.8 21.1 14.4
2024-05-08T13:46:19.997505 23.2 75.8 19.2 22.1
2024-05-08T13:46:20.998806 17.9 75.4 18.1 17.0
2024-05-08T13:46:22.000205 20.4 76.3 13.1 20.4
2024-05-08T13:46:23.001554 6.7 10.7 2.0 4.9
2024-05-08T13:46:24.002702 2.0 8.7 0.0 2.0
2024-05-08T13:46:25.004337 22.9 81.1 14.6 22.3
2024-05-08T13:46:26.005701 19.0 81.3 16.8 15.6
2024-05-08T13:46:27.006731 16.8 82.8 12.0 19.0
2024-05-08T13:46:28.008168 20.4 83.2 13.9 16.5
2024-05-08T13:46:29.009456 16.7 76.7 15.2 19.4
2024-05-08T13:46:30.010782 1.0 2.9 0.0 0.0
2024-05-08T13:46:31.012296 5.0 25.2 2.0 7.0
2024-05-08T13:46:32.013686 14.7 84.6 15.2 20.2
2024-05-08T13:46:33.014828 8.3 86.2 12.4 20.4
2024-05-08T13:46:34.016364 14.0 87.2 16.0 20.2
2024-05-08T13:46:35.017744 17.9 86.8 16.0 21.2
2024-05-08T13:46:36.019068 13.5 66.1 12.7 13.4
2024-05-08T13:46:37.020376 1.0 2.0 1.0 0.0
2024-05-08T13:46:38.021892 5.2 41.7 2.1 6.3
2024-05-08T13:46:39.022844 18.6 91.9 10.5 21.9
2024-05-08T13:46:40.024268 19.6 91.7 13.3 24.0
2024-05-08T13:46:41.025684 21.5 91.7 15.7 23.5
2024-05-08T13:46:42.026701 16.0 92.7 18.1 20.0
2024-05-08T13:46:43.028105 11.0 53.4 7.1 8.5
2024-05-08T13:46:44.029213 1.0 0.0 1.0 0.0
2024-05-08T13:46:45.030681 9.9 62.1 9.3 12.5
2024-05-08T13:46:46.032088 17.8 97.1 17.0 23.2
2024-05-08T13:46:47.033562 15.8 99.0 13.0 23.5
2024-05-08T13:46:48.034674 15.5 99.0 13.4 24.2
2024-05-08T13:46:49.036174 15.7 98.1 17.3 20.2
2024-05-08T13:46:50.037469 6.0 36.4 5.2 6.3
2024-05-08T13:46:51.038621 0.0 1.0 0.0 0.0
2024-05-08T13:46:52.040075 18.1 80.8 12.2 24.3
2024-05-08T13:46:53.041625 21.6 98.0 15.2 18.5
2024-05-08T13:46:54.042792 21.9 97.1 15.0 13.8
2024-05-08T13:46:55.044251 27.0 100.0 16.8 16.9
2024-05-08T13:46:56.045741 20.2 99.0 12.4 20.4
2024-05-08T13:46:57.046595 4.0 16.8 4.0 3.0
2024-05-08T13:46:58.048069 0.0 3.0 1.0 2.0
2024-05-08T13:46:59.049521 17.9 100.0 9.4 26.8
2024-05-08T13:47:00.050774 24.8 100.0 11.5 22.6
2024-05-08T13:47:01.052246 15.1 100.0 8.5 15.1
2024-05-08T13:47:02.053355 19.2 100.0 15.7 25.0
2024-05-08T13:47:03.054623 16.0 96.0 8.3 23.2
2024-05-08T13:47:04.055923 0.0 2.0 0.0 0.0
2024-05-08T13:47:05.057363 3.1 24.5 7.0 4.1
2024-05-08T13:47:06.058828 8.0 100.0 24.2 18.1
2024-05-08T13:47:07.059423 19.4 100.0 25.8 18.6
2024-05-08T13:47:08.060859 16.5 100.0 18.0 16.1
2024-05-08T13:47:09.062264 16.3 100.0 26.5 23.5
2024-05-08T13:47:10.062609 15.3 77.8 23.0 14.6
2024-05-08T13:47:11.063882 0.0 2.0 0.0 0.0
2024-05-08T13:47:12.065295 9.4 44.0 9.1 7.1
2024-05-08T13:47:13.066681 22.9 100.0 16.0 15.1
2024-05-08T13:47:14.068180 26.3 100.0 12.9 12.8
2024-05-08T13:47:15.069556 22.1 100.0 13.0 13.8
2024-05-08T13:47:16.070713 26.7 100.0 14.0 13.8
2024-05-08T13:47:17.072079 12.5 56.6 8.3 7.3
2024-05-08T13:47:18.073396 0.0 2.0 1.0 2.0
2024-05-08T13:47:19.074746 12.0 63.6 13.9 9.5
2024-05-08T13:47:20.076318 13.7 100.0 16.0 13.2
2024-05-08T13:47:21.077793 13.5 100.0 14.7 14.1
2024-05-08T13:47:22.078746 20.0 100.0 15.6 16.7
2024-05-08T13:47:23.080201 16.3 100.0 15.8 14.1
2024-05-08T13:47:24.081535 2.1 37.6 5.1 5.1
2024-05-08T13:47:25.082832 0.0 0.0 0.0 0.0
2024-05-08T13:47:26.084369 21.4 83.8 14.4 26.5
2024-05-08T13:47:27.085977 19.4 100.0 12.9 30.2
2024-05-08T13:47:28.086792 15.8 100.0 12.9 27.7
2024-05-08T13:47:29.088388 18.8 100.0 14.1 27.7
2024-05-08T13:47:30.090023 18.6 100.0 13.0 30.2
2024-05-08T13:47:31.091360 4.0 16.2 3.0 5.1
2024-05-08T13:47:32.092949 1.0 3.0 0.0 0.0
2024-05-08T13:47:33.094509 14.3 100.0 14.6 30.0
2024-05-08T13:47:34.096020 13.1 100.0 17.0 20.7
2024-05-08T13:47:35.097587 15.2 100.0 16.2 32.7
2024-05-08T13:47:36.098851 13.4 100.0 18.0 27.1
2024-05-08T13:47:37.100202 13.3 97.0 13.5 24.2
2024-05-08T13:47:38.101502 2.0 0.0 0.0 2.0
2024-05-08T13:47:39.102961 3.1 24.0 3.1 1.0
2024-05-08T13:47:40.104485 17.9 100.0 16.1 14.6
2024-05-08T13:47:41.105948 22.0 100.0 16.7 12.6
2024-05-08T13:47:42.106820 18.1 100.0 13.2 11.6
2024-05-08T13:47:43.108241 17.0 100.0 15.8 9.7
2024-05-08T13:47:44.109604 14.4 77.0 10.5 8.4
2024-05-08T13:47:45.110924 0.0 2.0 0.0 0.0
2024-05-08T13:47:46.112289 7.9 42.9 6.1 3.2
2024-05-08T13:47:47.113826 15.8 100.0 12.6 12.8
2024-05-08T13:47:48.114720 15.0 99.0 19.4 13.7
2024-05-08T13:47:49.116158 18.3 100.0 10.6 19.6
2024-05-08T13:47:50.117617 17.0 100.0 14.6 16.5
2024-05-08T13:47:51.118992 8.1 59.0 12.6 8.2
2024-05-08T13:47:52.120246 0.0 0.0 1.0 1.0
2024-05-08T13:47:53.121705 14.7 63.0 6.3 8.3
2024-05-08T13:47:54.122713 30.4 100.0 12.5 12.5
2024-05-08T13:47:55.124267 24.0 100.0 15.2 16.0
2024-05-08T13:47:56.124681 25.0 100.0 13.4 8.8
2024-05-08T13:47:57.126178 15.9 100.0 13.4 13.4
2024-05-08T13:47:58.127542 5.3 38.2 6.0 4.1
2024-05-08T13:47:59.128875 1.0 1.0 1.0 0.0
2024-05-08T13:48:00.130203 0.0 1.0 1.0 1.0
2024-05-08T13:48:01.131554 1.0 1.0 1.0 0.0
2024-05-08T13:48:02.132853 1.0 0.0 0.0 0.0
2024-05-08T13:48:03.134200 1.0 0.0 0.0 1.0
2024-05-08T13:48:04.135520 1.0 0.0 0.0 1.0
2024-05-08T13:48:05.136871 1.0 1.0 1.0 1.0
