2024-05-08T13:09:44.697724 0.0 0.0 0.0 0.0
2024-05-08T13:09:45.699046 2.0 3.0 0.0 1.0
2024-05-08T13:09:46.700363 0.0 1.0 0.0 0.0
2024-05-08T13:09:47.701714 0.0 1.0 2.0 0.0
2024-05-08T13:09:48.702660 0.0 1.0 0.0 1.0
2024-05-08T13:09:49.703953 1.0 0.0 0.0 0.0
2024-05-08T13:09:50.705274 1.0 0.0 0.0 0.0
2024-05-08T13:09:51.706599 0.0 0.0 0.0 1.0
2024-05-08T13:09:52.707885 0.0 0.0 0.0 1.0
2024-05-08T13:09:53.709192 1.0 2.0 0.0 1.0
2024-05-08T13:09:54.710544 1.0 0.0 0.0 0.0
2024-05-08T13:09:55.711826 1.0 1.0 1.0 0.0
2024-05-08T13:09:56.713091 3.0 3.0 4.0 3.0
2024-05-08T13:09:57.714424 2.0 0.0 2.0 1.0
2024-05-08T13:09:58.715724 0.0 0.0 1.0 2.0
2024-05-08T13:09:59.717026 0.0 0.0 0.0 0.0
2024-05-08T13:10:00.718337 0.0 0.0 0.0 0.0
2024-05-08T13:10:01.719672 2.0 2.0 0.0 2.0
2024-05-08T13:10:02.720995 1.0 0.0 2.0 0.0
2024-05-08T13:10:03.722316 1.0 1.0 1.0 0.0
2024-05-08T13:10:04.722773 0.0 0.0 1.0 0.0
2024-05-08T13:10:05.724082 1.0 1.0 1.0 1.0
2024-05-08T13:10:06.725389 1.0 1.0 0.0 0.0
2024-05-08T13:10:07.726640 2.0 1.0 1.0 0.0
2024-05-08T13:10:08.727935 2.0 1.0 1.0 1.0
2024-05-08T13:10:09.729329 36.2 42.9 47.5 21.1
2024-05-08T13:10:10.730638 34.9 40.9 47.2 23.6
2024-05-08T13:10:11.731354 34.0 39.2 48.1 24.8
2024-05-08T13:10:12.732637 34.7 39.4 45.7 20.3
2024-05-08T13:10:13.733896 35.3 40.9 48.0 19.8
2024-05-08T13:10:14.734625 0.0 0.0 0.0 0.0
2024-05-08T13:10:15.735912 4.9 8.5 6.7 1.0
2024-05-08T13:10:16.737208 36.2 48.6 48.0 22.6
2024-05-08T13:10:17.738655 39.1 50.0 49.4 23.8
2024-05-08T13:10:18.739946 34.2 49.4 48.3 27.3
2024-05-08T13:10:19.741310 38.5 48.6 49.4 22.0
2024-05-08T13:10:20.742651 31.4 46.5 46.4 27.1
2024-05-08T13:10:21.743983 0.0 0.0 0.0 1.0
2024-05-08T13:10:22.745274 9.3 14.3 17.1 6.7
2024-05-08T13:10:23.746834 41.5 49.4 50.3 35.4
2024-05-08T13:10:24.748133 37.5 50.0 50.0 36.5
2024-05-08T13:10:25.749546 35.8 50.3 49.1 32.8
2024-05-08T13:10:26.750836 36.2 50.6 49.4 33.3
2024-05-08T13:10:27.751727 32.4 43.2 41.8 27.5
2024-05-08T13:10:28.753051 1.0 1.0 1.0 0.0
2024-05-08T13:10:29.753952 13.3 25.8 24.6 14.2
2024-05-08T13:10:30.754678 36.0 51.5 50.3 38.8
2024-05-08T13:10:31.755475 32.6 52.7 51.8 36.6
2024-05-08T13:10:32.756778 31.2 52.6 50.0 33.1
2024-05-08T13:10:33.758079 26.7 52.4 50.0 34.0
2024-05-08T13:10:34.759401 22.6 39.4 37.9 19.5
2024-05-08T13:10:35.760736 1.0 2.9 0.0 0.0
2024-05-08T13:10:36.762028 18.6 35.1 33.1 17.1
2024-05-08T13:10:37.763400 31.6 53.6 52.8 31.9
2024-05-08T13:10:38.764686 33.3 53.6 51.9 28.8
2024-05-08T13:10:39.765984 35.6 52.8 53.0 25.4
2024-05-08T13:10:40.766709 33.6 54.7 52.4 24.0
2024-05-08T13:10:41.768002 15.7 32.6 30.8 13.5
2024-05-08T13:10:42.769294 0.0 1.0 1.0 0.0
2024-05-08T13:10:43.770919 25.8 45.1 40.6 28.9
2024-05-08T13:10:44.772255 38.4 55.3 51.3 34.6
2024-05-08T13:10:45.773678 38.8 55.8 51.3 38.3
2024-05-08T13:10:46.774853 37.2 53.2 50.0 32.1
2024-05-08T13:10:47.776292 37.7 54.2 51.3 38.5
2024-05-08T13:10:48.777621 13.3 20.9 19.3 14.2
2024-05-08T13:10:49.778623 2.0 0.0 1.0 2.0
2024-05-08T13:10:50.780048 33.8 50.0 51.7 31.3
2024-05-08T13:10:51.781354 34.1 54.9 54.8 39.6
2024-05-08T13:10:52.782706 38.9 54.8 55.6 38.3
2024-05-08T13:10:53.784168 35.9 54.8 54.5 32.3
2024-05-08T13:10:54.785490 36.1 55.7 56.0 38.7
2024-05-08T13:10:55.786796 4.9 9.4 8.5 8.4
2024-05-08T13:10:56.787539 6.7 9.4 9.5 5.8
2024-05-08T13:10:57.788826 43.8 59.2 54.2 39.6
2024-05-08T13:10:58.789766 42.1 57.7 54.7 38.0
2024-05-08T13:10:59.790774 40.9 58.3 55.6 38.3
2024-05-08T13:11:00.792136 42.4 58.6 57.4 33.3
2024-05-08T13:11:01.793457 37.3 54.4 49.3 35.0
2024-05-08T13:11:02.794605 0.0 0.0 0.0 0.0
2024-05-08T13:11:03.796064 11.8 23.5 20.2 9.5
2024-05-08T13:11:04.797379 38.5 61.5 60.3 35.8
2024-05-08T13:11:05.798804 37.5 60.9 60.4 38.0
2024-05-08T13:11:06.800215 35.9 60.3 59.3 41.8
2024-05-08T13:11:07.801558 38.3 60.3 59.9 38.6
2024-05-08T13:11:08.802608 32.1 48.2 45.5 31.3
2024-05-08T13:11:09.803927 0.0 0.0 0.0 0.0
2024-05-08T13:11:10.805241 21.8 33.6 35.0 18.7
2024-05-08T13:11:11.806815 40.5 61.0 62.3 39.6
2024-05-08T13:11:12.807407 44.9 62.2 62.4 42.0
2024-05-08T13:11:13.808749 42.1 61.3 61.2 43.0
2024-05-08T13:11:14.810033 41.2 60.5 63.0 37.6
2024-05-08T13:11:15.811386 24.0 39.2 41.1 23.1
2024-05-08T13:11:16.812698 0.0 0.0 0.0 0.0
2024-05-08T13:11:17.814010 31.5 44.2 45.2 27.9
2024-05-08T13:11:18.814862 43.0 59.7 63.4 39.6
2024-05-08T13:11:19.816434 42.4 60.1 63.9 41.0
2024-05-08T13:11:20.816822 43.0 59.9 63.4 39.6
2024-05-08T13:11:21.818116 41.7 59.6 64.4 38.8
2024-05-08T13:11:22.819438 20.3 26.3 26.5 19.8
2024-05-08T13:11:23.820757 0.0 1.0 1.0 0.0
2024-05-08T13:11:24.822028 43.0 57.6 53.1 36.7
2024-05-08T13:11:25.822818 48.3 65.0 60.6 41.7
2024-05-08T13:11:26.824401 47.3 63.4 60.0 45.1
2024-05-08T13:11:27.825815 46.6 65.2 62.6 41.9
2024-05-08T13:11:28.827249 50.0 65.0 61.9 43.1
2024-05-08T13:11:29.828563 10.3 15.5 12.3 6.8
2024-05-08T13:11:30.829846 2.0 4.0 4.0 2.0
2024-05-08T13:11:31.831256 44.1 67.6 67.4 41.5
2024-05-08T13:11:32.832677 44.6 67.6 68.3 41.0
2024-05-08T13:11:33.833999 47.1 68.5 67.8 38.8
2024-05-08T13:11:34.834710 44.5 68.6 68.6 41.8
2024-05-08T13:11:35.835999 45.3 67.2 66.9 36.7
2024-05-08T13:11:36.837332 0.0 1.0 1.0 1.0
2024-05-08T13:11:37.838788 12.1 21.3 21.1 10.4
2024-05-08T13:11:38.840226 49.3 71.1 70.1 41.9
2024-05-08T13:11:39.841620 48.3 71.0 70.3 43.7
2024-05-08T13:11:40.842768 47.3 71.1 69.3 44.7
2024-05-08T13:11:41.844331 48.6 70.8 70.5 42.4
2024-05-08T13:11:42.845664 38.8 58.7 58.0 39.0
2024-05-08T13:11:43.846995 1.0 1.0 0.0 0.0
2024-05-08T13:11:44.848502 25.0 38.9 37.5 23.9
2024-05-08T13:11:45.849876 47.3 73.5 73.3 45.0
2024-05-08T13:11:46.850832 44.5 73.5 72.2 48.6
2024-05-08T13:11:47.852278 44.9 73.3 72.5 47.9
2024-05-08T13:11:48.853573 45.9 73.9 72.6 45.1
2024-05-08T13:11:49.854869 27.4 44.8 45.0 30.3
2024-05-08T13:11:50.856166 1.0 1.0 0.0 1.0
2024-05-08T13:11:51.857631 28.7 55.2 51.3 34.4
2024-05-08T13:11:52.858813 43.0 78.6 75.0 50.0
2024-05-08T13:11:53.860365 41.5 76.9 73.3 45.6
2024-05-08T13:11:54.861814 45.6 77.2 74.4 47.4
2024-05-08T13:11:55.862952 47.0 78.7 76.6 52.3
2024-05-08T13:11:56.864314 17.5 31.5 31.0 17.4
2024-05-08T13:11:57.865607 1.0 1.0 0.0 0.0
2024-05-08T13:11:58.866864 43.0 68.3 69.4 36.1
2024-05-08T13:11:59.868414 48.7 78.0 79.7 46.3
2024-05-08T13:12:00.869838 46.9 79.0 79.4 50.0
2024-05-08T13:12:01.871621 48.3 78.9 80.0 46.3
2024-05-08T13:12:02.873003 47.6 79.2 81.1 47.4
2024-05-08T13:12:03.874330 7.7 14.4 15.4 10.3
2024-05-08T13:12:04.875948 3.0 7.8 7.8 4.0
2024-05-08T13:12:05.877367 51.0 83.1 77.2 44.8
2024-05-08T13:12:06.878772 52.3 84.0 78.7 45.3
2024-05-08T13:12:07.880365 49.7 84.7 78.7 44.0
2024-05-08T13:12:08.881762 50.0 83.3 77.3 38.0
2024-05-08T13:12:09.882595 49.3 80.9 75.2 46.1
2024-05-08T13:12:10.883893 0.0 1.0 1.0 0.0
2024-05-08T13:12:11.885416 14.4 25.2 24.0 19.3
2024-05-08T13:12:12.887043 38.3 87.7 82.6 60.6
2024-05-08T13:12:13.888812 36.6 88.5 81.7 57.6
2024-05-08T13:12:14.890128 37.4 86.8 82.6 60.1
2024-05-08T13:12:15.890864 39.1 86.2 80.6 60.0
2024-05-08T13:12:16.892327 31.5 68.5 64.9 44.6
2024-05-08T13:12:17.893662 0.0 0.0 1.0 0.0
2024-05-08T13:12:18.894670 33.6 42.5 41.9 16.5
2024-05-08T13:12:19.896072 58.1 88.4 87.7 32.8
2024-05-08T13:12:20.897444 57.7 86.2 86.7 35.2
2024-05-08T13:12:21.898948 57.5 87.0 87.8 30.8
2024-05-08T13:12:22.900439 57.0 87.0 86.2 35.3
2024-05-08T13:12:23.901783 35.5 49.5 50.5 21.9
2024-05-08T13:12:24.903122 1.0 1.0 0.0 2.0
2024-05-08T13:12:25.904737 36.4 59.8 58.6 33.3
2024-05-08T13:12:26.906353 51.1 92.6 86.1 46.6
2024-05-08T13:12:27.907942 49.6 92.6 86.4 48.8
2024-05-08T13:12:28.909354 51.1 90.8 85.3 48.0
2024-05-08T13:12:29.910862 51.8 92.7 87.0 51.1
2024-05-08T13:12:30.912213 24.1 35.6 34.6 21.8
2024-05-08T13:12:31.913493 0.0 0.0 0.0 0.0
2024-05-08T13:12:32.914873 47.7 80.6 77.3 46.0
2024-05-08T13:12:33.916540 52.9 96.2 91.7 50.8
2024-05-08T13:12:34.918216 50.8 95.2 91.8 50.4
2024-05-08T13:12:35.918947 50.8 91.7 87.6 46.6
2024-05-08T13:12:36.919610 52.9 93.4 89.4 47.9
2024-05-08T13:12:37.920982 10.5 16.7 15.7 9.6
2024-05-08T13:12:38.922513 0.0 4.0 3.0 1.0
2024-05-08T13:12:39.924144 41.6 95.2 95.2 35.2
2024-05-08T13:12:40.925799 42.0 95.2 97.1 39.1
2024-05-08T13:12:41.926797 39.1 94.3 95.3 36.7
2024-05-08T13:12:42.928411 44.4 96.2 97.1 38.2
2024-05-08T13:12:43.929711 41.4 90.5 91.3 37.5
2024-05-08T13:12:44.931015 2.0 2.0 2.9 0.0
2024-05-08T13:12:45.932637 7.1 23.0 23.0 8.2
2024-05-08T13:12:46.934164 28.7 99.0 100.0 34.7
2024-05-08T13:12:47.934883 33.6 100.0 100.0 35.6
2024-05-08T13:12:48.936479 30.1 100.0 100.0 35.6
2024-05-08T13:12:49.938056 31.1 100.0 100.0 35.9
2024-05-08T13:12:50.939397 23.0 77.2 77.8 28.7
2024-05-08T13:12:51.940697 1.0 0.0 1.0 0.0
2024-05-08T13:12:52.942409 13.6 41.6 40.6 18.0
2024-05-08T13:12:53.943969 29.1 100.0 99.0 32.6
2024-05-08T13:12:54.945547 29.2 100.0 100.0 34.4
2024-05-08T13:12:55.946834 30.7 100.0 100.0 38.5
2024-05-08T13:12:56.948633 27.5 100.0 100.0 35.5
2024-05-08T13:12:57.949960 16.0 59.0 58.8 17.2
2024-05-08T13:12:58.951274 1.0 0.0 0.0 0.0
2024-05-08T13:12:59.952549 1.0 0.0 0.0 0.0
2024-05-08T13:13:00.953822 0.0 1.0 1.0 1.0
2024-05-08T13:13:01.955162 0.0 0.0 0.0 1.0
2024-05-08T13:13:02.956515 1.0 1.0 0.0 0.0
2024-05-08T13:13:03.957837 0.0 0.0 2.0 0.0
