2024-05-09T13:21:52.011105 0.0 0.0 0.0 0.0
2024-05-09T13:21:53.012431 1.0 2.0 0.0 1.0
2024-05-09T13:21:54.013234 0.0 1.0 1.0 0.0
2024-05-09T13:21:55.014552 1.0 0.0 1.0 0.0
2024-05-09T13:21:56.015862 0.0 0.0 0.0 1.0
2024-05-09T13:21:57.017155 2.0 0.0 1.0 1.0
2024-05-09T13:21:58.018459 1.0 0.0 0.0 1.0
2024-05-09T13:21:59.019774 0.0 1.0 1.0 1.0
2024-05-09T13:22:00.021079 1.0 0.0 0.0 0.0
2024-05-09T13:22:01.021536 0.0 2.0 0.0 1.0
2024-05-09T13:22:02.021985 1.0 0.0 1.0 0.0
2024-05-09T13:22:03.022740 1.0 0.0 0.0 0.0
2024-05-09T13:22:04.024027 1.0 2.9 1.0 0.0
2024-05-09T13:22:05.025355 3.0 3.0 3.0 3.0
2024-05-09T13:22:06.026663 0.0 0.0 1.0 0.0
2024-05-09T13:22:07.027935 1.0 2.0 1.0 1.0
2024-05-09T13:22:08.029244 1.0 1.0 0.0 0.0
2024-05-09T13:22:09.029939 1.0 0.0 1.0 0.0
2024-05-09T13:22:10.031245 0.0 0.0 0.0 1.0
2024-05-09T13:22:11.032566 0.0 1.0 1.0 1.0
2024-05-09T13:22:12.033891 0.0 0.0 1.0 1.0
2024-05-09T13:22:13.035190 0.0 2.0 0.0 0.0
2024-05-09T13:22:14.036489 1.0 1.0 0.0 0.0
2024-05-09T13:22:15.037831 1.0 0.0 1.0 1.0
2024-05-09T13:22:16.039147 0.0 0.0 0.0 1.0
2024-05-09T13:22:17.040435 2.0 1.0 2.0 1.0
2024-05-09T13:22:18.041812 0.0 1.0 0.0 0.0
2024-05-09T13:22:19.043109 0.0 3.1 0.0 0.0
2024-05-09T13:22:20.044390 0.0 7.1 0.0 0.0
2024-05-09T13:22:21.045794 1.0 6.2 2.0 1.0
2024-05-09T13:22:22.047082 1.0 4.1 1.0 2.0
2024-05-09T13:22:23.048403 1.0 5.1 0.0 1.0
2024-05-09T13:22:24.049784 0.0 0.0 0.0 0.0
2024-05-09T13:22:25.050275 5.8 14.5 1.0 2.0
2024-05-09T13:22:26.051631 5.0 32.5 2.0 3.0
2024-05-09T13:22:27.052914 6.7 31.2 4.0 3.0
2024-05-09T13:22:28.054216 5.8 28.3 5.9 2.0
2024-05-09T13:22:29.055513 4.9 31.7 4.0 2.0
2024-05-09T13:22:30.056822 3.9 22.2 1.0 2.0
2024-05-09T13:22:31.058121 0.0 0.0 2.0 0.0
2024-05-09T13:22:32.059404 6.7 32.1 4.0 3.9
2024-05-09T13:22:33.060699 9.4 47.1 10.4 6.9
2024-05-09T13:22:34.062065 7.8 48.7 6.9 7.7
2024-05-09T13:22:35.063365 6.8 48.4 12.7 9.5
2024-05-09T13:22:36.064660 6.8 47.7 10.4 5.0
2024-05-09T13:22:37.065989 4.9 29.7 3.0 2.0
2024-05-09T13:22:38.067331 0.0 0.0 0.0 0.0
2024-05-09T13:22:39.068625 6.8 44.6 8.7 4.9
2024-05-09T13:22:40.070046 16.1 55.7 13.1 9.5
2024-05-09T13:22:41.071337 17.5 56.2 13.9 10.5
2024-05-09T13:22:42.071725 12.8 54.2 14.5 8.7
2024-05-09T13:22:43.072518 7.8 55.9 9.6 9.5
2024-05-09T13:22:44.073826 3.0 22.9 1.0 5.8
2024-05-09T13:22:45.075097 2.0 0.0 0.0 1.0
2024-05-09T13:22:46.076376 11.3 54.4 11.4 9.5
2024-05-09T13:22:47.077780 13.9 58.9 12.4 12.4
2024-05-09T13:22:48.079100 7.8 58.9 12.4 11.3
2024-05-09T13:22:49.080386 13.1 58.6 15.5 9.6
2024-05-09T13:22:50.081807 11.3 58.7 17.1 5.0
2024-05-09T13:22:51.083162 2.0 11.1 1.0 2.0
2024-05-09T13:22:52.084453 0.0 5.8 0.0 1.0
2024-05-09T13:22:53.085912 10.6 61.3 9.7 18.8
2024-05-09T13:22:54.087210 11.5 61.1 10.7 16.5
2024-05-09T13:22:55.088487 16.8 61.6 16.2 11.7
2024-05-09T13:22:56.089931 8.8 61.0 15.5 12.5
2024-05-09T13:22:57.091216 17.1 59.1 14.8 12.6
2024-05-09T13:22:58.092506 1.0 1.0 0.0 1.0
2024-05-09T13:22:59.093953 2.0 21.9 3.9 3.0
2024-05-09T13:23:00.095343 19.8 63.7 13.5 4.2
2024-05-09T13:23:01.096627 17.0 63.7 12.5 8.0
2024-05-09T13:23:02.098035 10.5 63.9 12.6 15.5
2024-05-09T13:23:03.099383 10.7 64.7 11.8 13.2
2024-05-09T13:23:04.100698 9.5 53.5 8.0 6.9
2024-05-09T13:23:05.102010 1.0 1.0 1.0 0.0
2024-05-09T13:23:06.103405 9.4 35.8 8.6 4.0
2024-05-09T13:23:07.104718 18.9 66.4 14.0 17.6
2024-05-09T13:23:08.106079 14.3 65.8 10.6 9.0
2024-05-09T13:23:09.107464 15.0 66.9 13.9 10.7
2024-05-09T13:23:10.108755 13.5 66.2 16.2 13.3
2024-05-09T13:23:11.110048 13.6 44.1 11.2 6.9
2024-05-09T13:23:12.111390 1.0 0.0 0.0 0.0
2024-05-09T13:23:13.112703 9.7 49.2 13.9 7.9
2024-05-09T13:23:14.114096 8.2 68.7 14.4 14.4
2024-05-09T13:23:15.115470 13.5 68.3 13.6 12.6
2024-05-09T13:23:16.116783 12.6 69.2 13.6 12.6
2024-05-09T13:23:17.118096 17.0 69.0 13.7 14.4
2024-05-09T13:23:18.119424 5.0 31.3 5.9 5.9
2024-05-09T13:23:19.120716 0.0 0.0 0.0 2.0
2024-05-09T13:23:20.122159 13.6 62.2 5.4 14.4
2024-05-09T13:23:21.123568 17.9 70.7 17.5 13.7
2024-05-09T13:23:22.124900 18.5 70.9 12.4 12.0
2024-05-09T13:23:23.126098 17.9 70.6 16.5 13.0
2024-05-09T13:23:24.127574 13.7 70.9 14.9 12.0
2024-05-09T13:23:25.128944 4.0 16.8 0.0 3.0
2024-05-09T13:23:26.130452 0.0 3.0 0.0 0.0
2024-05-09T13:23:27.131855 22.7 74.6 19.2 15.5
2024-05-09T13:23:28.133286 14.7 74.8 17.5 18.3
2024-05-09T13:23:29.134012 16.3 73.9 19.0 17.0
2024-05-09T13:23:30.135434 14.9 75.8 14.0 18.5
2024-05-09T13:23:31.136728 12.0 73.1 14.0 15.2
2024-05-09T13:23:32.138045 0.0 0.0 0.0 0.0
2024-05-09T13:23:33.139436 5.9 21.9 4.0 2.0
2024-05-09T13:23:34.140817 21.8 79.2 17.5 13.9
2024-05-09T13:23:35.142278 26.5 79.5 12.2 17.1
2024-05-09T13:23:36.143739 16.5 79.4 12.1 17.9
2024-05-09T13:23:37.145065 24.8 81.3 16.0 20.2
2024-05-09T13:23:38.146409 13.6 66.4 12.0 11.8
2024-05-09T13:23:39.147717 0.0 0.0 0.0 0.0
2024-05-09T13:23:40.149071 4.1 37.4 9.8 6.9
2024-05-09T13:23:41.150143 22.6 83.5 15.2 17.3
2024-05-09T13:23:42.151599 20.8 83.3 15.3 15.7
2024-05-09T13:23:43.152910 17.8 82.8 16.0 12.1
2024-05-09T13:23:44.154300 21.9 83.9 15.5 18.1
2024-05-09T13:23:45.155630 11.9 54.5 10.1 5.2
2024-05-09T13:23:46.156958 0.0 0.0 0.0 0.0
2024-05-09T13:23:47.158018 13.7 56.6 9.2 8.2
2024-05-09T13:23:48.159442 15.3 89.4 15.2 15.7
2024-05-09T13:23:49.160879 16.2 89.3 10.6 16.7
2024-05-09T13:23:50.162045 14.3 88.5 12.4 15.7
2024-05-09T13:23:51.163460 17.0 89.3 13.3 15.8
2024-05-09T13:23:52.164807 7.0 37.1 4.1 9.6
2024-05-09T13:23:53.166113 1.0 1.0 2.0 1.0
2024-05-09T13:23:54.167652 9.4 74.8 8.4 16.0
2024-05-09T13:23:55.169220 14.4 92.6 14.3 17.6
2024-05-09T13:23:56.170102 13.3 92.6 17.0 16.5
2024-05-09T13:23:57.171604 15.3 92.7 22.4 21.9
2024-05-09T13:23:58.173062 14.9 92.5 20.6 23.2
2024-05-09T13:23:59.174388 3.0 20.4 2.0 4.0
2024-05-09T13:24:00.175822 2.0 1.0 1.0 0.0
2024-05-09T13:24:01.177314 17.7 100.0 4.3 19.6
2024-05-09T13:24:02.178113 12.9 100.0 7.3 14.4
2024-05-09T13:24:03.179609 20.8 100.0 10.2 12.6
2024-05-09T13:24:04.181140 24.5 100.0 16.8 18.8
2024-05-09T13:24:05.182000 19.8 99.0 9.2 14.4
2024-05-09T13:24:06.183283 0.0 1.0 0.0 0.0
2024-05-09T13:24:07.184663 3.0 20.0 3.1 4.0
2024-05-09T13:24:08.186114 17.8 100.0 13.3 9.7
2024-05-09T13:24:09.187608 13.6 100.0 14.1 14.3
2024-05-09T13:24:10.189105 12.0 100.0 20.4 10.8
2024-05-09T13:24:11.190559 15.4 100.0 16.0 13.3
2024-05-09T13:24:12.191953 6.2 80.0 13.5 11.2
2024-05-09T13:24:13.193259 1.0 0.0 0.0 1.0
2024-05-09T13:24:14.194087 5.1 40.0 5.2 5.1
2024-05-09T13:24:15.195499 8.4 100.0 11.1 13.5
2024-05-09T13:24:16.197002 8.3 100.0 11.6 8.8
2024-05-09T13:24:17.197999 10.2 100.0 10.0 10.9
2024-05-09T13:24:18.199375 10.1 100.0 9.8 15.2
2024-05-09T13:24:19.200703 10.7 59.6 8.2 9.2
2024-05-09T13:24:20.202042 0.0 0.0 0.0 0.0
2024-05-09T13:24:21.203532 13.1 60.4 5.2 13.3
2024-05-09T13:24:22.205004 11.8 100.0 10.2 15.4
2024-05-09T13:24:23.206093 20.8 100.0 11.3 14.3
2024-05-09T13:24:24.207674 20.0 100.0 14.9 19.8
2024-05-09T13:24:25.209172 18.2 100.0 8.3 13.3
2024-05-09T13:24:26.210506 11.7 40.4 5.1 6.2
2024-05-09T13:24:27.211795 2.0 1.0 1.0 0.0
2024-05-09T13:24:28.213203 12.5 79.2 7.5 9.3
2024-05-09T13:24:29.214633 16.3 100.0 16.0 7.4
2024-05-09T13:24:30.216073 16.5 100.0 15.3 8.5
2024-05-09T13:24:31.217513 10.8 100.0 12.4 7.4
2024-05-09T13:24:32.218029 10.9 100.0 11.6 9.4
2024-05-09T13:24:33.219358 4.0 21.2 3.0 2.0
2024-05-09T13:24:34.220695 1.0 0.0 0.0 0.0
2024-05-09T13:24:35.222114 8.3 99.0 10.1 16.2
2024-05-09T13:24:36.223576 10.1 100.0 11.8 12.4
2024-05-09T13:24:37.225018 14.6 100.0 17.2 11.6
2024-05-09T13:24:38.226054 8.2 100.0 16.5 14.1
2024-05-09T13:24:39.227521 16.0 100.0 13.7 6.5
2024-05-09T13:24:40.228806 0.0 1.0 0.0 2.0
2024-05-09T13:24:41.230117 3.0 18.2 2.0 3.0
2024-05-09T13:24:42.231548 16.2 100.0 8.5 13.2
2024-05-09T13:24:43.233082 16.7 100.0 12.4 12.1
2024-05-09T13:24:44.234030 14.4 100.0 15.0 16.8
2024-05-09T13:24:45.235495 8.7 100.0 11.5 18.6
2024-05-09T13:24:46.236816 7.4 82.2 7.4 8.7
2024-05-09T13:24:47.237949 1.0 1.0 1.0 0.0
2024-05-09T13:24:48.239496 8.0 37.8 4.0 8.0
2024-05-09T13:24:49.240961 18.4 100.0 11.2 13.7
2024-05-09T13:24:50.242022 16.3 100.0 4.4 15.5
2024-05-09T13:24:51.243426 14.9 100.0 7.4 15.3
2024-05-09T13:24:52.244885 12.8 100.0 5.4 13.4
2024-05-09T13:24:53.246215 5.3 61.2 6.2 6.3
2024-05-09T13:24:54.247533 1.0 0.0 0.0 0.0
2024-05-09T13:24:55.249041 11.8 59.8 10.7 6.3
2024-05-09T13:24:56.250454 14.4 100.0 7.4 8.8
2024-05-09T13:24:57.251866 18.6 100.0 14.0 16.3
2024-05-09T13:24:58.253326 13.4 100.0 11.1 15.3
2024-05-09T13:24:59.254061 9.8 100.0 7.4 9.9
2024-05-09T13:25:00.255415 6.1 40.4 3.1 7.0
2024-05-09T13:25:01.256727 0.0 1.0 0.0 0.0
2024-05-09T13:25:02.258067 18.7 78.0 17.0 10.4
2024-05-09T13:25:03.259530 24.2 100.0 17.9 12.4
2024-05-09T13:25:04.260945 20.8 100.0 14.9 19.2
2024-05-09T13:25:05.262083 16.3 100.0 9.2 17.0
2024-05-09T13:25:06.263536 26.9 100.0 12.2 10.6
2024-05-09T13:25:07.264824 4.1 23.0 5.0 4.0
2024-05-09T13:25:08.265965 1.0 0.0 0.0 1.0
2024-05-09T13:25:09.267368 1.0 0.0 0.0 0.0
2024-05-09T13:25:10.268679 1.0 0.0 1.0 0.0
2024-05-09T13:25:11.269987 0.0 1.0 1.0 0.0
