#type       avg     std     min      p5     p10     p50     p67     p75     p80     p85     p90     p95     p99    p999   p9999      QPS   target       ts_start         ts_end
read      375.9   319.4   160.7   226.5   243.5   340.0   391.6   423.0   446.4   473.2   509.6   571.4   756.1  5377.3 12458.4  29912.3    30000  1714652324015  1714652334184
read      369.4   383.4   160.7   226.2   241.5   325.8   374.1   405.1   429.4   458.3   494.7   548.9   746.9  6832.5 15613.6  29993.3    30005  1714652335691  1714652345833
read      359.4   351.1   160.7   224.7   239.4   318.5   365.2   395.0   418.2   446.3   482.1   535.9   714.1  5535.8 12824.9  30140.4    30010  1714652347340  1714652357452
read      364.9   411.5   160.7   224.2   238.9   321.2   370.0   400.2   424.3   453.2   489.8   544.5   737.7  6988.2 16444.1  29995.8    30015  1714652358960  1714652369073
read      363.9   383.8   160.7   226.3   241.2   322.7   370.6   401.3   425.4   453.7   489.3   541.6   696.7  6189.2 15967.4  30020.2    30020  1714652370581  1714652380698
read      358.7   381.3   160.7   222.1   236.7   318.3   366.1   396.2   419.8   448.1   483.9   538.4   701.3  5840.6 16468.7  30085.1    30025  1714652382205  1714652392324
read      367.6   375.6   160.7   224.5   239.8   327.3   377.5   408.2   432.2   461.2   497.6   550.6   739.7  5317.5 15523.0  29959.7    30030  1714652393831  1714652403949
read      438.3  4127.1   160.7   231.8   247.3   331.6   378.9   408.2   431.2   459.0   494.2   545.1   698.0  8009.8 240539.0  30008.5    30035  1714652405459  1714652415576
read      373.2   448.5   160.7   227.1   243.0   329.6   379.4   410.8   434.5   463.5   500.1   554.1   724.3  7263.1 16965.6  30123.4    30040  1714652417083  1714652427201
read      365.5   338.6   160.7   228.0   243.6   328.7   377.3   407.8   431.9   461.0   497.4   550.5   708.1  4644.4 13710.4  30006.2    30045  1714652428708  1714652438821
read      363.8   459.0   160.7   223.3   237.6   316.4   364.6   395.3   419.2   448.1   485.4   540.1   704.9  7773.6 17333.0  30018.2    30050  1714652440329  1714652450448
read      371.3   427.4   160.7   228.2   244.2   332.7   382.6   413.6   436.7   465.1   501.3   555.8   726.7  6061.2 16350.8  30009.9    30055  1714652451956  1714652462071
read      344.8   284.6   160.7   221.8   236.4   314.8   360.1   388.9   410.5   436.4   469.5   518.5   636.1  3048.2 15428.8  30076.0    30060  1714652463581  1714652473698
read      360.2   280.7   160.7   223.8   240.1   334.0   383.0   412.0   433.3   459.1   491.3   540.4   668.1  2591.2 13889.3  30115.7    30065  1714652475205  1714652485319
read      346.0   279.6   160.7   221.4   236.0   316.5   362.8   391.7   413.6   439.4   471.7   523.1   645.1  2314.5 15361.1  30087.1    30070  1714652486826  1714652496939
read      350.4   231.6   160.7   225.4   240.5   323.2   370.7   399.7   422.4   448.8   481.4   529.5   639.9  1705.4 11366.4  30021.6    30075  1714652498447  1714652508564
read      354.4   271.2   148.8   226.2   242.8   327.3   372.1   400.1   421.8   447.2   479.4   529.3   650.3  2494.6 15150.9  30073.8    30080  1714652510071  1714652520185
read      351.3   249.5   160.7   225.3   241.3   323.4   369.3   398.4   420.9   447.3   480.2   529.7   647.8  2182.3 11950.6  30114.7    30085  1714652521693  1714652531811
Connection.cc(491): Unexpected EOF from server.
Connection.cc(491): Unexpected EOF from server.
Connection.cc(491): Unexpected EOF from server.
Connection.cc(491): Unexpected EOF from server.
Connection.cc(491): Unexpected EOF from server.
